19.20309829711914
25.188106536865234
18.237289428710938
16.76473617553711
29.48480224609375
24.74359893798828
27.170482635498047
33.38922882080078
41.91363525390625
49.529396057128906
21.346519470214844
18.059391021728516
12.997749328613281
18.732044219970703
13.884613037109375
31.231510162353516
37.12785339355469
14.328125
15.902976989746094
15.293743133544922
18.68967056274414
6.881397247314453
14.659587860107422
27.32280731201172
13.094379425048828
9.73990249633789
14.118663787841797
12.610286712646484
12.544002532958984
18.03717803955078
22.783355712890625
11.449050903320312
10.796806335449219
13.079090118408203
13.431510925292969
12.327125549316406
12.108467102050781
15.329029083251953
10.705886840820312
8.266124725341797
9.564983367919922
16.376773834228516
18.474342346191406
12.174701690673828
14.442459106445312
13.410717010498047
12.10879135131836
12.23574447631836
12.848468780517578
13.496421813964844
10.24322509765625
8.161579132080078
11.892532348632812
9.053398132324219
10.96823501586914
9.996192932128906
14.381084442138672
10.541328430175781
11.579307556152344
15.462974548339844
13.742351531982422
15.853496551513672
18.45545196533203
14.79165267944336
12.748973846435547
9.983169555664062
14.363090515136719
12.535568237304688
12.910354614257812
12.102542877197266
13.15219497680664
9.481353759765625
14.472518920898438
16.71438980102539
11.766239166259766
11.525348663330078
11.28348159790039
21.461360931396484
14.332351684570312
10.991840362548828
14.612030029296875
13.342636108398438
19.49156951904297
16.67835235595703
15.969829559326172
12.798721313476562
15.493865966796875
12.19390869140625
15.7154541015625
10.263710021972656
13.287109375
9.866500854492188
18.098594665527344
14.02480697631836
10.164348602294922
16.58266830444336
11.863235473632812
7.663997650146484
15.649486541748047
11.615013122558594
13.166114807128906
14.23250961303711
12.576667785644531
16.77780532836914
9.439407348632812
10.07339096069336
14.715858459472656
12.537403106689453
10.741527557373047
12.730731964111328
13.969837188720703
13.194454193115234
24.24969482421875
13.822811126708984
14.064628601074219
14.68344497680664
17.139705657958984
14.08169937133789
18.40947723388672
15.780258178710938
17.680892944335938
11.231876373291016
12.630210876464844
13.659038543701172
17.075523376464844
11.477890014648438
19.19286346435547
14.266410827636719
13.438980102539062
12.78103256225586
11.450698852539062
18.71179962158203
16.85999298095703
12.882164001464844
15.917255401611328
13.101638793945312
16.203460693359375
11.466320037841797
15.47698974609375
16.280052185058594
11.139495849609375
26.456741333007812
11.886161804199219
12.47896957397461
8.711170196533203
17.14761734008789
9.318405151367188
12.545616149902344
8.706756591796875
10.144294738769531
12.924701690673828
12.3642578125
11.811580657958984
18.14291763305664
12.852928161621094
16.000755310058594
19.585124969482422
12.005115509033203
8.405532836914062
13.855445861816406
12.9111328125
16.61867904663086
15.159141540527344
12.237174987792969
14.255287170410156
11.148319244384766
13.789669036865234
13.832080841064453
12.67581558227539
11.739505767822266
12.275596618652344
12.362224578857422
9.74945068359375
127.73457336425781
102.47061157226562
67.87431716918945
68.84396743774414
51.06598663330078
27.634868621826172
25.998069763183594
26.73099136352539
12.627975463867188
11.817035675048828
19.94451904296875
12.588436126708984
18.435897827148438
10.462200164794922
11.244754791259766
9.857372283935547
13.701919555664062
13.808860778808594
16.42113494873047
12.823833465576172
16.937450408935547
12.985347747802734
14.294269561767578
15.517200469970703
18.56432342529297
20.372142791748047
15.022640228271484
263.5410614013672
151.5446014404297
390.56822967529297
214.55573272705078
146.4735984802246
76.93333435058594
101.91860961914062
71.53010177612305
95.1159553527832
40.17709732055664
101.30156707763672
85.40778350830078
97.48737716674805
45.4034423828125
45.64592742919922
41.13258361816406
32.72298812866211
16.592575073242188
33.892032623291016
21.33224868774414
21.59286117553711
23.87344741821289
20.807476043701172
13.777904510498047
26.984268188476562
23.584964752197266
13.221981048583984
16.612964630126953
19.724552154541016
17.346607208251953
14.936199188232422
17.46426773071289
16.574913024902344
22.298664093017578
26.067794799804688
23.276466369628906
29.169910430908203
26.03579330444336
23.956527709960938
24.83224105834961
19.536155700683594
25.648529052734375
15.481945037841797
19.321441650390625
25.42431640625
30.45783233642578
20.216434478759766
32.37172317504883
66.33163070678711
37.136451721191406
29.623329162597656
44.642269134521484
43.07063293457031
24.40003204345703
20.658004760742188
17.62625503540039
25.090702056884766
20.66567611694336
27.508628845214844
18.700637817382812
14.18136215209961
20.33871078491211
19.170879364013672
28.019210815429688
22.161693572998047
16.08340835571289
14.161491394042969
16.655967712402344
19.193260192871094
50.06848907470703
50.91128158569336
33.266456604003906
15.79544448852539
16.488609313964844
18.765533447265625
18.8736572265625
15.479305267333984
10.246932983398438
9.404579162597656
10.093399047851562
15.056339263916016
10.658012390136719
22.912086486816406
14.517318725585938
63.67621994018555
21.10061264038086
31.328842163085938
37.90375900268555
27.234615325927734
17.978565216064453
18.71270751953125
22.332828521728516
69.99904251098633
52.52287673950195
35.39579772949219
30.953388214111328
33.040313720703125
40.58106231689453
26.31450653076172
30.17831039428711
28.12282943725586
23.661388397216797
23.976459503173828
18.18866729736328
14.894733428955078
18.68099594116211
19.559825897216797
18.540653228759766
97.24945831298828
142.7580337524414
104.61973190307617
82.74711227416992
109.85078048706055
164.62858963012695
370.1163749694824
642.0712547302246
1332.9727172851562
2508.933692932129
2908.5631141662598
3087.8097076416016
4694.08674621582
7185.278053283691
10985.516174316406
18768.823699951172
25134.54440689087
27592.263080596924
24806.76992416382
49310.19360733032
38043.58084869385
62095.02698135376
82901.94256591797
69232.82459640503
47161.041984558105
30558.45855331421
22779.633430480957
20218.055633544922
19595.48046875
17249.12031173706
13741.813892364502
11079.770359039307
6230.919918060303
3534.8028259277344
2483.5104598999023
1116.0537223815918
470.32711029052734
455.26868057250977
379.99731063842773
492.20302963256836
329.4388236999512
221.38490295410156
220.8861427307129
159.01195907592773
122.56357192993164
70.66051483154297
63.47321319580078
62.0706901550293
42.86848449707031
45.55404281616211
38.485958099365234
41.3643684387207
22.17816925048828
40.568912506103516
32.518836975097656
36.41887664794922
25.74795150756836
23.256576538085938
17.409896850585938
27.227882385253906
40.65958023071289
26.87826156616211
15.926925659179688
15.136672973632812
14.398265838623047
20.492206573486328
12.698951721191406
20.534343719482422
22.84054183959961
16.35106658935547
12.399635314941406
8.912395477294922
12.454944610595703
10.324573516845703
18.41317367553711
20.050586700439453
17.054306030273438
21.998348236083984
12.005786895751953
15.789939880371094
14.979106903076172
13.50503921508789
12.920215606689453
12.968128204345703
15.513622283935547
14.351375579833984
10.129570007324219
17.622169494628906
14.285053253173828
32.145545959472656
20.61608123779297
62.5897331237793
101.13024139404297
203.00867462158203
366.05273818969727
388.5246124267578
3962.4709815979004
8236.51978302002
12513.101390838623
8872.133716583252
7411.021701812744
20701.97043991089
23591.05682373047
14199.494110107422
11172.657009124756
5007.638442993164
480.1586494445801
102.93333053588867
87.9804573059082
112.03302764892578
83.2065200805664
107.03295516967773
132.52124404907227
160.63449096679688
492.5400390625
19685.699668884277
82483.33541107178
39169.91854095459
57090.209548950195
56155.157455444336
58639.115253448486
55767.39046859741
63596.263671875
49993.7543258667
31790.905250549316
36067.65981674194
21510.93062210083
18906.887859344482
40374.18013000488
7447.2534103393555
16250.81371307373
24612.839447021484
20744.06397628784
8019.223239898682
5516.615139007568
3407.348133087158
4235.607555389404
2841.338333129883
3229.7080039978027
3271.553535461426
4373.285511016846
3759.266887664795
3533.6025428771973
2359.3668098449707
2753.9668464660645
2594.14213180542
4033.2632064819336
4857.310230255127
7085.718952178955
6327.887130737305
5748.9016189575195
4403.560966491699
3762.7657737731934
3684.998752593994
2963.690647125244
2326.653984069824
1876.0608291625977
2167.2854080200195
2646.6072845458984
2698.6505737304688
2509.524658203125
1758.5673866271973
971.8673477172852
367.0171356201172
35.34822082519531
5.006893157958984
3.363201141357422
1.9841842651367188
2.977642059326172
3.0499343872070312
2.1461715698242188
2.781604766845703
1.2951774597167969
1.1807632446289062
1.1057281494140625
1.6422195434570312
1.69158935546875
1.2598953247070312
1.966949462890625
1.3329124450683594
0.9918632507324219
1.9054336547851562
0.9223098754882812
1.0638618469238281
1.2995491027832031
1.9616165161132812
1.0931930541992188
1.282440185546875
1.5620651245117188
1.3601493835449219
0.7269477844238281
0.937835693359375
1.3339080810546875
1.6737480163574219
0.9371223449707031
1.3688850402832031
1.1381645202636719
1.4308586120605469
0.9382362365722656
1.7605247497558594
1.0576400756835938
1.6446647644042969
1.2937469482421875
0.9366188049316406
1.4339218139648438
1.2395439147949219
1.2151756286621094
1.21368408203125
1.4258003234863281
1.1951065063476562
4.760662078857422
45.327003479003906
269.67627716064453
1034.078296661377
2332.1165924072266
3698.204620361328
4360.297592163086
5138.907386779785
7193.388690948486
7549.417446136475
7827.471031188965
7655.79292678833
3440.478183746338
1836.9130020141602
1393.012882232666
920.1471138000488
1725.1300888061523
306.8376045227051
30.350723266601562
31.684345245361328
32.710079193115234
51.66950225830078
36.34195327758789
36.701507568359375
22.786178588867188
19.82309341430664
36.37356185913086
53.145687103271484
613.9902420043945
583.3395729064941
1355.4777755737305
7771.017459869385
36497.49144744873
49127.90149688721
45676.96611022949
39666.441272735596
27286.15757369995
13422.4612159729
7350.312107086182
9688.537166595459
15198.928611755371
15391.638896942139
13271.478511810303
9403.929473876953
8088.327194213867
7442.113758087158
5134.36722946167
1742.1645584106445
1027.7452392578125
636.6650657653809
234.60227584838867
142.09561157226562
170.8504409790039
102.85675048828125
121.66817855834961
92.96693801879883
89.76704406738281
189.93171310424805
34.24480438232422
87.55363845825195
64.07326126098633
55.866455078125
21.132747650146484
36.570396423339844
13.335079193115234
8.95046615600586
13.662322998046875
8.566009521484375
8.307537078857422
9.37393569946289
7.568229675292969
