3.4113082885742188
1.9076881408691406
1.8754920959472656
0.8469696044921875
1.6205482482910156
2.9562606811523438
1.46063232421875
1.5539360046386719
1.945220947265625
1.0105514526367188
2.6951446533203125
1.6623268127441406
1.2989501953125
2.2031593322753906
1.6212158203125
0.7203140258789062
2.9011917114257812
2.94757080078125
2.755023956298828
7.032451629638672
0.6873664855957031
2.141674041748047
2.5940322875976562
13.572525024414062
32.990623474121094
14.976200103759766
1.3700675964355469
15.689197540283203
8.65053939819336
9.560489654541016
12.349655151367188
5.000152587890625
4.581298828125
7.611381530761719
3.3964576721191406
5.263225555419922
1.8583526611328125
2.019916534423828
10.023944854736328
4.9488983154296875
3.066936492919922
4.570087432861328
4.606071472167969
1.3489151000976562
4.2129058837890625
2.776660919189453
2.0978012084960938
2.9906158447265625
1.8856315612792969
0.9524040222167969
2.7250328063964844
6.9626007080078125
4.882232666015625
4.813697814941406
2.1511001586914062
2.8590736389160156
5.200340270996094
2.6968536376953125
4.779209136962891
2.5053443908691406
4.885646820068359
3.6102371215820312
3.4300918579101562
9.837013244628906
2.012420654296875
1.8795127868652344
2.3978195190429688
2.1730422973632812
3.949626922607422
2.4060935974121094
3.5803070068359375
2.744861602783203
3.2018890380859375
3.9473419189453125
3.11676025390625
5.940792083740234
7.122657775878906
5.138923645019531
10.19369888305664
24.24666976928711
17.968502044677734
16.175235748291016
10.157569885253906
9.954219818115234
11.855979919433594
15.58310317993164
9.13430404663086
9.661430358886719
14.76321029663086
114.05572128295898
426.88068771362305
2053.7071685791016
10232.240928649902
21301.25009918213
99995.46644973755
109065.6990814209
102791.18445205688
113060.37879943848
107431.44681549072
81334.89443206787
40849.39770126343
13866.200740814209
2639.417980194092
2787.7163009643555
3611.917133331299
2949.076015472412
1685.0043983459473
7390.133457183838
21177.814136505127
12924.447174072266
15558.269184112549
5728.575214385986
1658.1906623840332
377.0591926574707
420.4104461669922
662.525447845459
347.73653411865234
3859.5407104492188
6139.64599609375
6665.10205078125
3627.9919776916504
3226.5599822998047
4214.571277618408
11452.075138092041
15754.498264312744
6935.9594078063965
4651.184955596924
812.7560501098633
1029.2969589233398
1808.619472503662
1792.8752403259277
1407.1651077270508
352.44281005859375
4093.0100898742676
8004.076793670654
8991.070816040039
12807.265884399414
10072.946006774902
4738.167148590088
728.4712944030762
857.211856842041
872.3085479736328
6182.349727630615
11964.758861541748
20377.51954269409
16485.980464935303
18500.594024658203
6811.487854003906
1260.0602111816406
356.84998321533203
504.1663360595703
5367.662178039551
11565.11030960083
35882.1397857666
44882.55025482178
39433.09285736084
28149.379768371582
18166.440063476562
18607.4553565979
11828.200466156006
9660.54216003418
4977.076808929443
2518.6485481262207
593.9046745300293
194.0412483215332
77.44655227661133
51.27943420410156
21.31952667236328
17.67626190185547
13.01174545288086
11.575687408447266
3.8658905029296875
