0.043137254901960784
0.08627450980392157
0.03529411764705882
0.09803921568627451
0.047058823529411764
0.00784313725490196
0.011764705882352941
0.047058823529411764
0.10196078431372549
0.054901960784313725
0.00784313725490196
0.027450980392156862
0.06666666666666667
0.03529411764705882
0.03137254901960784
0.06274509803921569
0.058823529411764705
0.08627450980392157
0.0196078431372549
0.0392156862745098
0.1803921568627451
0.11372549019607843
0.2627450980392157
0.24705882352941178
0.2980392156862745
0.27058823529411763
0.12156862745098039
0.1568627450980392
0.0392156862745098
0.047058823529411764
0.12156862745098039
0.03529411764705882
0.03137254901960784
0.03137254901960784
0.058823529411764705
0.03137254901960784
0.06274509803921569
0.03529411764705882
0.0196078431372549
0.027450980392156862
0.011764705882352941
0.00784313725490196
0.00784313725490196
0.047058823529411764
0.03529411764705882
0.0392156862745098
0.027450980392156862
0.00784313725490196
0.03529411764705882
0.0392156862745098
0.027450980392156862
0.0196078431372549
0.11764705882352941
0.2
0.2235294117647059
0.06274509803921569
0.050980392156862744
0.12156862745098039
0.09803921568627451
0.17647058823529413
0.12156862745098039
0.1450980392156863
0.20784313725490197
0.10980392156862745
0.1568627450980392
0.11372549019607843
0.08627450980392157
0.10196078431372549
0.1450980392156863
0.13333333333333333
0.2627450980392157
0.1450980392156863
0.21176470588235294
0.16862745098039217
0.2196078431372549
0.16470588235294117
0.2196078431372549
0.23921568627450981
0.25882352941176473
0.32941176470588235
0.21568627450980393
0.2549019607843137
0.1843137254901961
0.2627450980392157
0.2980392156862745
0.2823529411764706
0.4
0.5254901960784314
0.5411764705882353
0.5450980392156862
0.4627450980392157
0.47058823529411764
0.5294117647058824
0.5176470588235295
0.5019607843137255
0.48627450980392156
0.5058823529411764
0.5098039215686274
0.5294117647058824
0.5411764705882353
0.47058823529411764
0.4470588235294118
0.49019607843137253
0.42745098039215684
0.5372549019607843
0.5019607843137255
0.43529411764705883
0.5058823529411764
0.4117647058823529
0.5098039215686274
0.5294117647058824
0.5058823529411764
0.5450980392156862
0.4549019607843137
0.5176470588235295
0.47843137254901963
0.5254901960784314
0.48627450980392156
0.49411764705882355
0.5019607843137255
0.4980392156862745
0.4823529411764706
0.48627450980392156
0.4549019607843137
0.5019607843137255
0.5058823529411764
0.4392156862745098
0.5254901960784314
0.5294117647058824
0.49019607843137253
0.47058823529411764
0.5372549019607843
0.5215686274509804
0.5725490196078431
0.5725490196078431
0.4666666666666667
0.5333333333333333
0.5215686274509804
0.5215686274509804
0.49019607843137253
0.44313725490196076
0.5529411764705883
0.5058823529411764
0.4588235294117647
0.48627450980392156
0.47058823529411764
0.5568627450980392
0.5490196078431373
0.4627450980392157
0.4823529411764706
0.4980392156862745
0.5098039215686274
0.49019607843137253
0.4980392156862745
0.5137254901960784
0.49019607843137253
0.5019607843137255
0.49411764705882355
0.5490196078431373
0.5058823529411764
0.49411764705882355
0.4666666666666667
0.5254901960784314
0.403921568627451
0.4196078431372549
0.4666666666666667
0.33725490196078434
0.25882352941176473
0.2627450980392157
0.20784313725490197
0.26666666666666666
0.09019607843137255
