0.0557861328125
0.0153961181640625
0.039295196533203125
0.066558837890625
0.31154632568359375
0.348388671875
0.14311599731445312
0.07707595825195312
0.0560760498046875
0.013813018798828125
0.0265350341796875
0.0685272216796875
0.020992279052734375
0.00731658935546875
0.046276092529296875
0.00057220458984375
0.00089263916015625
0.17467498779296875
0.10443115234375
0.077606201171875
0.13605880737304688
0.130462646484375
0.055694580078125
0.035289764404296875
0.028167724609375
0.0611419677734375
0.06560516357421875
0.02561187744140625
0.014125823974609375
0.0150909423828125
0.051166534423828125
0.0811309814453125
0.10575485229492188
0.029598236083984375
0.02541351318359375
0.0831756591796875
0.05649566650390625
0.02050018310546875
0.11788177490234375
0.1186370849609375
0.01573944091796875
0.025287628173828125
0.0229034423828125
0.022495269775390625
0.025115966796875
0.03098297119140625
0.029178619384765625
0.01202392578125
0.05707550048828125
0.1027069091796875
0.16236114501953125
0.14999771118164062
0.0757904052734375
0.02591705322265625
0.014415740966796875
0.03133392333984375
0.053272247314453125
0.045688629150390625
0.06150054931640625
0.06754302978515625
0.11148452758789062
0.049350738525390625
0.024448394775390625
0.029666900634765625
0.054840087890625
0.07332611083984375
0.03881072998046875
0.005039215087890625
0.0117950439453125
0.0179595947265625
0.0507965087890625
0.041027069091796875
0.059673309326171875
0.032878875732421875
0.02875518798828125
0.026859283447265625
0.0119476318359375
0.00757598876953125
0.052059173583984375
0.06227874755859375
0.059230804443359375
0.1464385986328125
0.10105514526367188
0.08892059326171875
0.0650787353515625
0.00724029541015625
0.016994476318359375
0.02193450927734375
0.06148529052734375
0.043338775634765625
0.011043548583984375
0.01041412353515625
0.011627197265625
0.016201019287109375
0.014942169189453125
0.00841522216796875
0.008510589599609375
0.007144927978515625
0.0218353271484375
0.018157958984375
0.031894683837890625
2.1164321899414062
16.686378479003906
8.799240112304688
0.5592842102050781
0.00444793701171875
0.2936553955078125
0.3161582946777344
0.00922393798828125
0.00923919677734375
0.015712738037109375
0.0360107421875
0.08253860473632812
0.15000534057617188
0.08919906616210938
0.045017242431640625
0.0946502685546875
0.11462020874023438
0.18154525756835938
2.304332733154297
3381.4913024902344
154324.05545425415
193705.71900558472
195235.6906929016
203087.35621261597
206137.218875885
193313.61569595337
206176.10984039307
195426.51656723022
208584.6813697815
207182.95617294312
208643.0321044922
210617.57795715332
210114.1548690796
198298.1046295166
189226.98141098022
187299.6445274353
185501.15920257568
181780.09672927856
188530.02543640137
188905.33555603027
189164.1287574768
208262.51531219482
217394.0506439209
214944.76220703125
201456.28713989258
183603.81479263306
186560.40532684326
176002.76097106934
186443.42840957642
211294.0835609436
205797.700176239
200953.81903076172
229213.3303413391
230151.76705932617
213972.86227416992
216628.23573684692
204845.218875885
201521.08322525024
207944.6365814209
198201.65564727783
190803.52060699463
179087.40790176392
159936.00811767578
133191.69605636597
97741.8917312622
69878.21720123291
27839.547748565674
19371.454845428467
11568.702030181885
9312.817909240723
4913.294544219971
2423.9015731811523
575.753044128418
66.95159149169922
76.11119079589844
39.01468276977539
7.285953521728516
2.2056541442871094
1.0684089660644531
0.5761375427246094
0.3816490173339844
0.3025398254394531
0.1729888916015625
0.1740570068359375
0.16553115844726562
0.12868881225585938
0.16428756713867188
0.1840057373046875
0.09191513061523438
0.07563018798828125
0.03281402587890625
0.0213623046875
0.01999664306640625
0.07717514038085938
0.09350204467773438
0.4319305419921875
0.0620574951171875
0.012905120849609375
0.17808914184570312
0.11693954467773438
0.002574920654296875
0.003620147705078125
0.00455474853515625
0.009899139404296875
0.019252777099609375
0.02010345458984375
0.123260498046875
0.1427001953125
0.1197509765625
0.13497161865234375
0.09405899047851562
0.11473846435546875
0.10025787353515625
0.2937164306640625
0.20326614379882812
0.2236328125
0.11558914184570312
0.1138458251953125
0.16278839111328125
0.19426345825195312
0.219146728515625
0.12046432495117188
0.07278823852539062
0.04276275634765625
0.06483078002929688
0.07932662963867188
0.218017578125
0.2500953674316406
0.3119659423828125
0.2762489318847656
0.20243072509765625
0.21489334106445312
0.21541213989257812
0.15707778930664062
0.38945770263671875
1.1816673278808594
369.8137626647949
47940.84941864014
106755.45916748047
143298.85765075684
124981.59247207642
125700.17070007324
173036.03200912476
168773.10621261597
188769.69912719727
207639.44916915894
206127.0970993042
198311.31113815308
184039.44760513306
172991.18152618408
185053.10303878784
202212.92248916626
209734.8796157837
208884.3170890808
206734.00105667114
204778.20015335083
208532.03644561768
210255.31746673584
213464.49670028687
215049.79537200928
219621.36930084229
227711.8083190918
216647.67652511597
219748.98555755615
223818.33109283447
222178.54523468018
220409.77835083008
215938.14667129517
218283.9855003357
217251.0587348938
218467.90669631958
221898.97661209106
226368.36938095093
223843.33905410767
214238.79066467285
223777.496219635
212367.84561920166
214861.6847190857
214726.90404129028
202369.30236434937
201360.3892402649
211840.94036865234
211605.61562347412
200901.12753677368
195309.3517150879
202120.79189300537
194369.5122566223
183909.8585510254
179845.68600845337
177192.9289894104
163912.62322998047
162853.5294303894
142335.05392456055
118566.68252944946
119677.22469711304
92047.0510635376
56960.657402038574
17458.71155166626
15249.631786346436
4730.065174102783
703.7077980041504
435.80906677246094
183.38486099243164
41.76198196411133
28.380741119384766
18.109851837158203
6.615947723388672
5.675357818603516
3.4024620056152344
1.9734687805175781
1.3498725891113281
0.8656158447265625
0.7740249633789062
0.5841560363769531
0.2905464172363281
0.2512931823730469
0.17844390869140625
0.3869056701660156
0.46984100341796875
0.37744140625
0.23743820190429688
0.04004669189453125
0.0814361572265625
0.0772705078125
0.13799667358398438
0.15404510498046875
0.13145828247070312
0.4695472717285156
0.6176948547363281
0.3277740478515625
0.34046173095703125
0.22236251831054688
0.2837944030761719
0.2803764343261719
0.3829841613769531
0.5600090026855469
0.9202995300292969
0.9102516174316406
0.8464736938476562
1.3013191223144531
0.7566146850585938
0.27080535888671875
0.4319114685058594
0.38112640380859375
0.198486328125
0.0922088623046875
0.014652252197265625
0.040241241455078125
0.05333709716796875
0.012180328369140625
0.032352447509765625
0.025653839111328125
0.0372161865234375
0.025081634521484375
0.10277938842773438
0.0629425048828125
0.025402069091796875
0.09617996215820312
0.09627151489257812
0.033641815185546875
0.026947021484375
0.004608154296875
0.01288604736328125
0.00994873046875
0.00705718994140625
0.04084014892578125
0.11149978637695312
0.0330047607421875
0.035556793212890625
0.025299072265625
0.20772552490234375
0.7100105285644531
3084.051731109619
7039.995574951172
10889.198165893555
16760.200538635254
17858.03401184082
26609.336753845215
30717.449501037598
29693.94778060913
30589.139598846436
30419.60043334961
32230.286445617676
38174.51459503174
33839.51094818115
34570.563247680664
39690.44455718994
40789.860092163086
44382.957679748535
47822.12020111084
59156.00709915161
63881.41297531128
72986.73198318481
70842.49523544312
77658.84306716919
98785.26976013184
100296.23875045776
79618.16359329224
86122.44149017334
84077.01511764526
87194.80316543579
91527.2159538269
112028.56244659424
120455.23398971558
117769.16647338867
119967.47923660278
117894.92364883423
114246.32915878296
116799.00132369995
126740.07429122925
138351.64308929443
144588.45072937012
135984.55488967896
132512.31774520874
142377.040725708
144178.3116455078
126105.54622650146
134278.71533584595
134855.35508346558
135774.0454597473
132608.37645721436
141707.6420326233
136511.09774017334
147677.165019989
137271.48553466797
125784.71736526489
117420.32864379883
112104.81576156616
121383.54648971558
124587.83777618408
121668.40195083618
117985.06349182129
104998.84379959106
92216.13770675659
74033.45208740234
60493.085430145264
48609.78787612915
49125.64758682251
37399.76136779785
18187.839374542236
8498.946491241455
4084.6478424072266
1695.2157554626465
390.8955535888672
119.41985321044922
66.30707931518555
37.83235549926758
8.692329406738281
3.5847549438476562
1.6292037963867188
0.9679603576660156
1.0261383056640625
1.2153244018554688
0.8978996276855469
0.43862152099609375
0.24242019653320312
0.22664642333984375
0.18144989013671875
0.5144233703613281
0.4544944763183594
0.205810546875
0.14056396484375
0.039257049560546875
0.2625579833984375
0.2785758972167969
0.18037033081054688
0.14072799682617188
0.05454254150390625
0.08863067626953125
0.11627578735351562
0.2937049865722656
0.40389251708984375
0.5299530029296875
0.274993896484375
0.10680770874023438
0.07442474365234375
0.12965774536132812
0.09642410278320312
0.09577560424804688
0.07016372680664062
0.060535430908203125
0.059078216552734375
0.053730010986328125
0.039379119873046875
0.027984619140625
0.006275177001953125
0.03302001953125
0.039989471435546875
0.052562713623046875
0.06406021118164062
0.1134490966796875
0.10296630859375
0.048000335693359375
0.07568359375
0.0505218505859375
0.006473541259765625
0.013355255126953125
0.01020050048828125
0.00493621826171875
0.0076751708984375
0.3166770935058594
3.136737823486328
3966.3447799682617
22576.39670562744
29396.1602935791
39659.16226196289
57955.77808761597
55560.24298477173
70099.54145050049
85925.94263076782
86288.7296218872
91366.48067855835
81209.26700973511
73597.13904953003
72636.87852859497
76917.76169967651
77537.6820640564
79355.3523979187
80774.48472595215
82466.95894241333
81799.34022521973
79110.6217842102
75150.11320877075
77936.76553344727
80979.75197601318
83053.03564453125
84460.48023605347
82064.29887008667
85122.98862075806
82588.58392715454
80365.56370925903
80016.12285614014
81290.94508743286
83483.4810256958
83780.85675048828
76477.05615615845
74577.88703536987
69693.26959609985
67441.44911956787
66009.2790107727
65066.20910644531
66966.25537109375
69947.07181167603
67580.45394897461
68545.23348236084
69249.50298309326
68890.79217910767
67779.47383117676
63362.72850418091
60477.26288986206
60715.2730178833
61620.45658493042
60375.08773422241
57619.244731903076
55942.314109802246
50377.01268386841
48895.282787323
41086.64366149902
37825.77688217163
32613.91201019287
28742.78426361084
24827.869171142578
22574.65528869629
19238.285926818848
11616.979705810547
3280.471622467041
297.55765533447266
45.633121490478516
28.148479461669922
22.539623260498047
5.5799407958984375
0.4838104248046875
0.6584358215332031
0.6548042297363281
0.20628738403320312
0.012897491455078125
0.1741790771484375
0.44329071044921875
0.9486083984375
0.3307838439941406
0.09144210815429688
0.02396392822265625
0.028636932373046875
0.0521240234375
0.06902694702148438
0.046092987060546875
0.01172637939453125
0.007476806640625
0.018138885498046875
0.0706787109375
0.085845947265625
0.024562835693359375
0.015201568603515625
0.03713226318359375
0.055042266845703125
0.07150650024414062
0.024505615234375
0.029407501220703125
0.06309890747070312
0.039585113525390625
0.0234832763671875
0.052425384521484375
0.05764007568359375
0.015811920166015625
0.0134429931640625
0.009037017822265625
0.0467376708984375
0.07828521728515625
0.0652618408203125
0.059444427490234375
0.0352783203125
0.00595855712890625
0.008373260498046875
0.005828857421875
0.007877349853515625
0.012981414794921875
0.05374908447265625
0.3491668701171875
1.4021034240722656
139.06511306762695
16127.94836807251
25483.488410949707
29847.506256103516
36124.264320373535
37182.10608673096
38215.36028671265
38909.292293548584
43216.02747344971
47768.54291152954
51144.06971359253
51089.12512969971
51542.163455963135
51979.61184692383
51750.58257675171
52775.44018936157
52390.77470779419
51251.54804229736
52065.596294403076
53052.18651199341
54278.391929626465
56274.32239532471
57508.670291900635
57577.35174560547
58825.0934715271
59475.354652404785
59405.611587524414
58236.76366043091
58781.48770904541
58339.367893218994
59964.74185180664
61817.18458175659
62876.777030944824
62151.355728149414
60919.21761703491
59822.53628921509
59838.83381271362
62051.68238449097
63100.08957672119
60859.82455825806
61227.275398254395
59885.704650878906
58848.79113769531
60015.841831207275
59655.72498321533
60042.54524612427
62480.936084747314
63052.67162704468
62841.63668823242
63119.80570220947
62415.26488494873
60775.26699066162
58167.86491394043
57896.61464691162
57537.87475967407
59133.482681274414
58996.117530822754
55853.889472961426
52586.718811035156
50520.76691818237
45214.144397735596
40053.577209472656
34025.4885635376
29419.965423583984
28262.91314315796
28847.49367904663
20648.75993347168
8514.603008270264
3567.7150917053223
1027.3470649719238
110.85358047485352
19.808128356933594
23.013500213623047
20.0389404296875
11.248783111572266
6.755428314208984
8.99759292602539
9.550548553466797
11.657814025878906
9.598636627197266
5.610393524169922
4.802455902099609
2.7236976623535156
2.09637451171875
1.6264991760253906
0.9654121398925781
1.2301445007324219
1.3329048156738281
0.9537200927734375
0.7735710144042969
0.6182861328125
1.0198593139648438
1.0927314758300781
0.7721405029296875
0.8462638854980469
1.0176658630371094
0.7403411865234375
0.4572486877441406
0.6851654052734375
1.1134414672851562
0.8682441711425781
0.899627685546875
0.9106292724609375
0.36487579345703125
0.186370849609375
0.09435272216796875
0.031040191650390625
0.030200958251953125
0.16922378540039062
0.21708297729492188
0.13982772827148438
0.245452880859375
0.15250778198242188
0.11531829833984375
0.08987808227539062
0.051151275634765625
0.09924697875976562
0.11656951904296875
0.3060455322265625
0.18611526489257812
0.07788848876953125
0.18024063110351562
0.1763458251953125
0.1961517333984375
0.15850448608398438
0.16791915893554688
0.9959487915039062
103.20075225830078
15332.71501159668
41044.117221832275
51002.160583496094
68363.0516281128
80873.5881729126
96199.09106826782
122741.06167984009
133300.84215545654
129550.94425582886
147736.7410888672
164224.77991867065
160627.56842041016
170046.75072097778
178392.33284378052
171592.1219215393
173745.40383148193
171205.28212738037
170028.16384124756
161466.6781539917
154373.9752922058
152101.5099220276
147991.64394760132
142945.32731246948
146738.48265457153
147812.5761642456
155550.78620529175
148657.99711990356
146473.1110534668
137072.650680542
138250.93747329712
128828.81322097778
130950.72306442261
119709.1480178833
116093.07648468018
114354.68675994873
114433.88787460327
115021.11516189575
125401.67406463623
120488.26695632935
115499.49054336548
108417.79452133179
102971.44484329224
99346.46960067749
99153.89517593384
101170.81281280518
103955.26216125488
102127.5929107666
100138.53289413452
100667.91166687012
98863.86943054199
106317.23278045654
101832.75693511963
99187.40748214722
96521.40350723267
94250.3418045044
77876.82349777222
62747.37992477417
56520.00874328613
52607.50355911255
33639.42552566528
10783.441535949707
3083.668701171875
848.4082450866699
189.67874908447266
71.6700325012207
55.590179443359375
10.488399505615234
3.6051483154296875
1.6655426025390625
1.3179740905761719
0.6063079833984375
0.8213119506835938
0.955902099609375
0.9202461242675781
0.4840888977050781
0.19865036010742188
0.12788009643554688
0.07129669189453125
0.1212005615234375
0.2623786926269531
0.377044677734375
0.396453857421875
0.4491462707519531
0.40106964111328125
0.5362892150878906
0.3889808654785156
0.3288421630859375
0.2875518798828125
0.1181182861328125
0.06500244140625
0.038875579833984375
0.021785736083984375
0.044651031494140625
0.05339813232421875
0.08079147338867188
0.07653427124023438
0.13428115844726562
0.13269805908203125
0.13639068603515625
0.048065185546875
0.015621185302734375
0.0304107666015625
0.053493499755859375
0.059047698974609375
0.0641326904296875
0.079193115234375
0.19867706298828125
0.163665771484375
0.08765792846679688
0.13058090209960938
0.08998870849609375
0.23425674438476562
0.1088104248046875
0.007415771484375
0.10718154907226562
0.11513900756835938
0.01596832275390625
0.0221405029296875
0.02725982666015625
0.055973052978515625
0.054065704345703125
0.07524490356445312
0.10724258422851562
0.1010589599609375
0.11260604858398438
0.12543106079101562
0.12642669677734375
0.11076736450195312
0.03914642333984375
0.18638229370117188
0.18645095825195312
0.01758575439453125
0.018169403076171875
0.00335693359375
0.010623931884765625
0.004749298095703125
