0.00392156862745098
0.043137254901960784
0.050980392156862744
0.01568627450980392
0.011764705882352941
0.01568627450980392
0.023529411764705882
0.03137254901960784
0.03529411764705882
0.00392156862745098
0.00784313725490196
0.027450980392156862
0.06666666666666667
0.07058823529411765
0.0196078431372549
0.13725490196078433
0.12156862745098039
0.0
0.027450980392156862
0.027450980392156862
0.03529411764705882
0.06274509803921569
0.06666666666666667
0.09411764705882353
0.11764705882352941
0.14901960784313725
0.11372549019607843
0.10980392156862745
0.07450980392156863
0.08627450980392157
0.047058823529411764
0.06274509803921569
0.07058823529411765
0.054901960784313725
0.050980392156862744
0.09019607843137255
0.08235294117647059
0.0392156862745098
0.00392156862745098
0.011764705882352941
0.11372549019607843
0.09411764705882353
0.0784313725490196
0.12156862745098039
0.09803921568627451
0.09019607843137255
0.08627450980392157
0.0784313725490196
0.0
0.0
0.0
0.00784313725490196
0.0
0.06274509803921569
0.06274509803921569
0.054901960784313725
0.07058823529411765
0.043137254901960784
0.027450980392156862
0.01568627450980392
0.0
0.023529411764705882
0.050980392156862744
0.0392156862745098
0.023529411764705882
0.03137254901960784
0.03529411764705882
0.06666666666666667
0.054901960784313725
0.023529411764705882
0.0
0.027450980392156862
0.027450980392156862
0.03137254901960784
0.023529411764705882
0.0
0.058823529411764705
0.10196078431372549
0.03529411764705882
0.03137254901960784
0.00392156862745098
0.00784313725490196
0.023529411764705882
0.0
0.0
0.011764705882352941
0.027450980392156862
0.043137254901960784
0.023529411764705882
0.011764705882352941
0.0392156862745098
0.050980392156862744
0.050980392156862744
0.0784313725490196
0.06666666666666667
0.01568627450980392
0.03529411764705882
0.054901960784313725
0.0196078431372549
0.043137254901960784
0.027450980392156862
0.03137254901960784
0.12549019607843137
0.0
0.0392156862745098
0.07058823529411765
0.01568627450980392
0.00784313725490196
0.054901960784313725
0.0392156862745098
0.011764705882352941
0.0
0.0
0.00392156862745098
0.0
0.0392156862745098
0.0
0.043137254901960784
0.10588235294117647
0.11372549019607843
0.4
0.5215686274509804
0.48627450980392156
0.4627450980392157
0.45098039215686275
0.4980392156862745
0.4980392156862745
0.5372549019607843
0.49411764705882355
0.5411764705882353
0.4980392156862745
0.4627450980392157
0.5333333333333333
0.4980392156862745
0.5098039215686274
0.49019607843137253
0.5176470588235295
0.4666666666666667
0.49411764705882355
0.47058823529411764
0.4666666666666667
0.5019607843137255
0.5372549019607843
0.5176470588235295
0.5529411764705883
0.49411764705882355
0.5058823529411764
0.5098039215686274
0.5411764705882353
0.49411764705882355
0.5490196078431373
0.49411764705882355
0.5215686274509804
0.4549019607843137
0.4470588235294118
0.5137254901960784
0.5490196078431373
0.5372549019607843
0.49019607843137253
0.49411764705882355
0.4627450980392157
0.5058823529411764
0.5215686274509804
0.48627450980392156
0.43529411764705883
0.4980392156862745
0.4745098039215686
0.47058823529411764
0.48627450980392156
0.4980392156862745
0.44313725490196076
0.47843137254901963
0.5450980392156862
0.4745098039215686
0.45098039215686275
0.4470588235294118
0.3686274509803922
0.12156862745098039
0.1450980392156863
0.12156862745098039
0.09411764705882353
0.10980392156862745
0.09803921568627451
0.043137254901960784
0.047058823529411764
0.043137254901960784
0.03137254901960784
0.027450980392156862
0.01568627450980392
0.0196078431372549
0.03529411764705882
0.058823529411764705
0.07450980392156863
0.06274509803921569
0.06274509803921569
0.058823529411764705
0.0
0.047058823529411764
0.0784313725490196
0.00784313725490196
0.0392156862745098
0.1411764705882353
0.12549019607843137
0.11764705882352941
0.06274509803921569
0.050980392156862744
0.054901960784313725
0.011764705882352941
0.01568627450980392
0.00784313725490196
0.00784313725490196
0.00784313725490196
0.0
0.0
0.0
0.023529411764705882
0.0
0.00392156862745098
0.011764705882352941
0.0
0.0
0.01568627450980392
0.00784313725490196
0.01568627450980392
0.0
0.00784313725490196
0.07058823529411765
0.011764705882352941
0.00784313725490196
0.00784313725490196
0.011764705882352941
0.03137254901960784
0.0196078431372549
0.011764705882352941
0.0
0.043137254901960784
0.07450980392156863
0.4
0.5294117647058824
0.49019607843137253
0.49411764705882355
0.4980392156862745
0.5294117647058824
0.5686274509803921
0.4745098039215686
0.5058823529411764
0.5176470588235295
0.5294117647058824
0.4196078431372549
0.5490196078431373
0.5058823529411764
0.48627450980392156
0.6039215686274509
0.403921568627451
0.5176470588235295
0.49019607843137253
0.47843137254901963
0.4980392156862745
0.4745098039215686
0.5137254901960784
0.5098039215686274
0.5058823529411764
0.5058823529411764
0.5450980392156862
0.5176470588235295
0.47058823529411764
0.5490196078431373
0.5098039215686274
0.5137254901960784
0.48627450980392156
0.4627450980392157
0.5137254901960784
0.49411764705882355
0.5647058823529412
0.5294117647058824
0.5215686274509804
0.5058823529411764
0.47843137254901963
0.5450980392156862
0.5058823529411764
0.5137254901960784
0.47843137254901963
0.5058823529411764
0.5176470588235295
0.5450980392156862
0.5215686274509804
0.5725490196078431
0.4745098039215686
0.4823529411764706
0.5254901960784314
0.5333333333333333
0.5411764705882353
0.5137254901960784
0.5215686274509804
0.5176470588235295
0.4980392156862745
0.49411764705882355
0.4392156862745098
0.5058823529411764
0.5137254901960784
0.4666666666666667
0.48627450980392156
0.4823529411764706
0.44313725490196076
0.3058823529411765
0.3333333333333333
0.24705882352941178
0.15294117647058825
0.07450980392156863
0.06666666666666667
0.06666666666666667
0.06666666666666667
0.054901960784313725
0.03137254901960784
0.03137254901960784
0.054901960784313725
0.043137254901960784
0.058823529411764705
0.043137254901960784
0.0392156862745098
0.011764705882352941
0.01568627450980392
0.027450980392156862
0.054901960784313725
0.06274509803921569
0.027450980392156862
0.011764705882352941
0.027450980392156862
0.01568627450980392
0.023529411764705882
0.0
0.00392156862745098
0.00392156862745098
0.0
0.00784313725490196
0.0196078431372549
0.0196078431372549
0.0
0.0
0.0
0.0
0.0
0.0
0.0
0.0
0.0
0.00784313725490196
0.03529411764705882
0.050980392156862744
0.043137254901960784
0.01568627450980392
0.01568627450980392
0.0392156862745098
0.06666666666666667
0.06666666666666667
0.0
0.0
0.0
0.0
0.01568627450980392
0.07450980392156863
0.08627450980392157
0.07058823529411765
0.0196078431372549
0.0196078431372549
0.0196078431372549
0.03137254901960784
0.0
0.00784313725490196
0.0
0.0
0.03137254901960784
0.047058823529411764
0.403921568627451
0.4980392156862745
0.5137254901960784
0.5137254901960784
0.5450980392156862
0.5098039215686274
0.5450980392156862
0.5058823529411764
0.47058823529411764
0.49019607843137253
0.5176470588235295
0.5411764705882353
0.4549019607843137
0.4470588235294118
0.5529411764705883
0.5058823529411764
0.47843137254901963
0.5019607843137255
0.48627450980392156
0.5568627450980392
0.5058823529411764
0.4588235294117647
0.5215686274509804
0.5333333333333333
0.5254901960784314
0.4666666666666667
0.4588235294117647
0.4666666666666667
0.45098039215686275
0.5254901960784314
0.4980392156862745
0.5098039215686274
0.5490196078431373
0.5215686274509804
0.47843137254901963
0.5294117647058824
0.5725490196078431
0.5372549019607843
0.5372549019607843
0.49411764705882355
0.4666666666666667
0.5215686274509804
0.49019607843137253
0.5254901960784314
0.5411764705882353
0.5058823529411764
0.45098039215686275
0.49019607843137253
0.5333333333333333
0.49019607843137253
0.5058823529411764
0.5372549019607843
0.5058823529411764
0.5098039215686274
0.4745098039215686
0.5411764705882353
0.5254901960784314
0.47058823529411764
0.4745098039215686
0.5058823529411764
0.5607843137254902
0.5215686274509804
0.5176470588235295
0.5137254901960784
0.5058823529411764
0.5019607843137255
0.44313725490196076
0.5098039215686274
0.5411764705882353
0.5176470588235295
0.41568627450980394
0.41568627450980394
0.34901960784313724
0.34509803921568627
0.3607843137254902
0.1450980392156863
0.0784313725490196
0.07058823529411765
0.09411764705882353
0.06666666666666667
0.027450980392156862
0.03529411764705882
0.027450980392156862
0.0196078431372549
0.03137254901960784
0.027450980392156862
0.03137254901960784
0.03137254901960784
0.01568627450980392
0.03529411764705882
0.0392156862745098
0.023529411764705882
0.00784313725490196
0.011764705882352941
0.03137254901960784
0.0392156862745098
0.027450980392156862
0.027450980392156862
0.0196078431372549
0.0196078431372549
0.03529411764705882
0.0392156862745098
0.0196078431372549
0.01568627450980392
0.027450980392156862
0.027450980392156862
0.00784313725490196
0.00392156862745098
0.047058823529411764
0.01568627450980392
0.0
0.0196078431372549
0.043137254901960784
0.047058823529411764
0.00784313725490196
0.0
0.0
0.0196078431372549
0.0
0.0
0.0
0.0
0.0
0.08235294117647059
0.01568627450980392
0.00784313725490196
0.07058823529411765
0.10980392156862745
0.023529411764705882
0.06666666666666667
0.4588235294117647
0.5098039215686274
0.5490196078431373
0.5176470588235295
0.4980392156862745
0.40784313725490196
0.49411764705882355
0.5019607843137255
0.5490196078431373
0.5098039215686274
0.5294117647058824
0.5568627450980392
0.5019607843137255
0.45098039215686275
0.4549019607843137
0.4627450980392157
0.5450980392156862
0.5647058823529412
0.5137254901960784
0.4117647058823529
0.49019607843137253
0.5294117647058824
0.5019607843137255
0.5294117647058824
0.5490196078431373
0.5529411764705883
0.5372549019607843
0.47058823529411764
0.4823529411764706
0.5254901960784314
0.4745098039215686
0.5176470588235295
0.5254901960784314
0.4980392156862745
0.5215686274509804
0.45098039215686275
0.5098039215686274
0.4666666666666667
0.42745098039215684
0.4980392156862745
0.5058823529411764
0.5254901960784314
0.4627450980392157
0.5137254901960784
0.4980392156862745
0.4745098039215686
0.5333333333333333
0.4549019607843137
0.5529411764705883
0.4745098039215686
0.43137254901960786
0.5450980392156862
0.5294117647058824
0.48627450980392156
0.47843137254901963
0.5058823529411764
0.4823529411764706
0.5254901960784314
0.5098039215686274
0.5333333333333333
0.4666666666666667
0.4823529411764706
0.49019607843137253
0.5372549019607843
0.4627450980392157
0.4196078431372549
0.44313725490196076
0.28627450980392155
0.043137254901960784
0.027450980392156862
0.027450980392156862
0.03529411764705882
0.03137254901960784
0.0392156862745098
0.0196078431372549
0.027450980392156862
0.023529411764705882
0.023529411764705882
0.0
0.0
0.01568627450980392
0.023529411764705882
0.01568627450980392
0.0196078431372549
0.047058823529411764
0.09411764705882353
0.03137254901960784
0.00784313725490196
0.0196078431372549
0.0196078431372549
0.058823529411764705
0.01568627450980392
0.0196078431372549
0.047058823529411764
0.14901960784313725
0.06274509803921569
0.00392156862745098
0.00784313725490196
0.043137254901960784
0.0392156862745098
0.00784313725490196
0.00392156862745098
0.043137254901960784
0.06274509803921569
0.0
0.0
0.0
0.047058823529411764
0.054901960784313725
0.09411764705882353
0.08235294117647059
0.08627450980392157
0.03529411764705882
0.0784313725490196
0.027450980392156862
0.03529411764705882
0.0392156862745098
0.2784313725490196
0.5019607843137255
0.5372549019607843
0.5058823529411764
0.5490196078431373
0.5411764705882353
0.47843137254901963
0.44313725490196076
0.49019607843137253
0.4980392156862745
0.5176470588235295
0.5411764705882353
0.5176470588235295
0.47058823529411764
0.4823529411764706
0.49411764705882355
0.4823529411764706
0.5058823529411764
0.4627450980392157
0.43529411764705883
0.47058823529411764
0.5176470588235295
0.4549019607843137
0.48627450980392156
0.5176470588235295
0.5098039215686274
0.5568627450980392
0.4392156862745098
0.5098039215686274
0.49019607843137253
0.5294117647058824
0.5098039215686274
0.5137254901960784
0.5294117647058824
0.48627450980392156
0.4627450980392157
0.5568627450980392
0.5215686274509804
0.5098039215686274
0.5176470588235295
0.44313725490196076
0.49411764705882355
0.5058823529411764
0.5215686274509804
0.5098039215686274
0.4470588235294118
0.4196078431372549
0.49411764705882355
0.4666666666666667
0.5450980392156862
0.5333333333333333
0.5450980392156862
0.5019607843137255
0.49411764705882355
0.5137254901960784
0.4588235294117647
0.5607843137254902
0.5450980392156862
0.5372549019607843
0.5450980392156862
0.47843137254901963
0.5843137254901961
0.5176470588235295
0.5372549019607843
0.47058823529411764
0.5215686274509804
0.4666666666666667
0.5137254901960784
0.5137254901960784
0.5098039215686274
0.3843137254901961
0.24705882352941178
0.3137254901960784
0.2901960784313726
0.08235294117647059
0.043137254901960784
0.03137254901960784
0.0392156862745098
0.03529411764705882
0.0392156862745098
0.043137254901960784
0.027450980392156862
0.03529411764705882
0.03137254901960784
0.03137254901960784
0.03529411764705882
0.03529411764705882
0.03137254901960784
0.027450980392156862
0.0392156862745098
0.01568627450980392
0.03137254901960784
0.03529411764705882
0.03137254901960784
0.03529411764705882
0.027450980392156862
0.03137254901960784
0.023529411764705882
0.0392156862745098
0.0392156862745098
0.0392156862745098
0.03529411764705882
0.0392156862745098
0.03529411764705882
0.03137254901960784
0.023529411764705882
0.043137254901960784
0.03137254901960784
0.011764705882352941
0.023529411764705882
0.0196078431372549
0.027450980392156862
0.03529411764705882
0.043137254901960784
0.0196078431372549
0.00784313725490196
0.023529411764705882
0.00784313725490196
0.023529411764705882
0.01568627450980392
0.01568627450980392
0.027450980392156862
0.0196078431372549
0.0
0.0
0.00784313725490196
0.1568627450980392
0.2627450980392157
0.5333333333333333
0.4745098039215686
0.5490196078431373
0.4745098039215686
0.5686274509803921
0.4470588235294118
0.4823529411764706
0.49019607843137253
0.5176470588235295
0.4666666666666667
0.47843137254901963
0.47058823529411764
0.47843137254901963
0.43529411764705883
0.5176470588235295
0.5490196078431373
0.5333333333333333
0.5294117647058824
0.47843137254901963
0.49411764705882355
0.5098039215686274
0.5372549019607843
0.4627450980392157
0.4980392156862745
0.4549019607843137
0.5411764705882353
0.4666666666666667
0.5490196078431373
0.5098039215686274
0.5215686274509804
0.5137254901960784
0.4823529411764706
0.5254901960784314
0.5058823529411764
0.5294117647058824
0.5294117647058824
0.5333333333333333
0.5176470588235295
0.4627450980392157
0.4549019607843137
0.47058823529411764
0.5372549019607843
0.47843137254901963
0.49019607843137253
0.4666666666666667
0.5058823529411764
0.48627450980392156
0.47843137254901963
0.5450980392156862
0.45098039215686275
0.4980392156862745
0.5568627450980392
0.4666666666666667
0.49019607843137253
0.5450980392156862
0.5215686274509804
0.5725490196078431
0.5098039215686274
0.42745098039215684
0.49411764705882355
0.5372549019607843
0.5254901960784314
0.5176470588235295
0.4627450980392157
0.43529411764705883
0.403921568627451
0.10980392156862745
0.03529411764705882
0.027450980392156862
0.03137254901960784
0.0392156862745098
0.027450980392156862
0.03137254901960784
0.011764705882352941
0.023529411764705882
0.0196078431372549
0.01568627450980392
0.03137254901960784
0.027450980392156862
0.0196078431372549
0.03137254901960784
0.01568627450980392
0.027450980392156862
0.027450980392156862
0.027450980392156862
0.03529411764705882
0.0392156862745098
0.03529411764705882
0.03137254901960784
0.03137254901960784
0.01568627450980392
0.027450980392156862
0.01568627450980392
0.0
0.0
0.0
0.0
0.00784313725490196
0.0
0.03529411764705882
0.06274509803921569
0.00784313725490196
0.0
0.0
0.00784313725490196
0.01568627450980392
0.0196078431372549
0.03137254901960784
0.0196078431372549
0.027450980392156862
0.027450980392156862
0.0
0.011764705882352941
0.054901960784313725
0.023529411764705882
0.023529411764705882
0.00784313725490196
0.0392156862745098
0.011764705882352941
0.03137254901960784
0.050980392156862744
0.0
0.00784313725490196
0.00392156862745098
0.0196078431372549
0.023529411764705882
0.00392156862745098
0.03529411764705882
0.0196078431372549
0.0
0.0
0.01568627450980392
0.054901960784313725
0.12549019607843137
0.07058823529411765
0.011764705882352941
