42.13440704345703
37.435916900634766
60.642189025878906
32.76784133911133
30.83444595336914
24.123126983642578
40.94586181640625
28.211746215820312
22.189876556396484
36.07802963256836
61.469207763671875
25.009822845458984
345.7820625305176
537.2362518310547
1332.5451049804688
2048.7842712402344
2724.3835525512695
2983.353527069092
2696.436050415039
4468.639572143555
4783.654094696045
5227.815799713135
5704.8160972595215
6659.458065032959
5962.337181091309
7864.735481262207
8366.83931350708
8565.358360290527
8082.3737449646
7891.300647735596
9862.737827301025
10097.253204345703
6942.872097015381
4709.614074707031
5289.653343200684
4819.195613861084
4383.493095397949
2827.320755004883
2102.8861503601074
1212.290927886963
681.0993576049805
871.3210525512695
354.5888900756836
149.49713134765625
99.05036926269531
176.78221130371094
103.30194091796875
63.891448974609375
69.3242301940918
41.772247314453125
78.13349151611328
89.83997344970703
54.865440368652344
68.67041778564453
67.09000778198242
85.65199661254883
975.4270210266113
1925.1733932495117
4378.98042678833
3929.8803520202637
3460.221965789795
1874.1259155273438
1036.044506072998
1209.1278343200684
603.0036697387695
1479.5711097717285
3604.448757171631
7119.512371063232
7476.497371673584
4615.672256469727
8048.628917694092
7893.624687194824
8843.618515014648
6970.82950592041
6556.776599884033
6742.378395080566
4967.621315002441
1854.8187828063965
1865.0477752685547
1225.7112274169922
1064.3020935058594
1597.8955116271973
833.3965034484863
530.0308952331543
211.98951721191406
648.4499549865723
215.54186630249023
272.7327003479004
118.6423225402832
116.55507278442383
70.49972534179688
61.55836868286133
62.46474075317383
32.233619689941406
25.417858123779297
25.401153564453125
239.64702987670898
437.5521354675293
904.4102249145508
630.5752372741699
617.1200828552246
1010.5391464233398
936.5680503845215
1322.3903312683105
1214.9978485107422
866.0029106140137
1339.6960792541504
791.0468711853027
1446.4249687194824
1430.491138458252
1464.8854598999023
1841.2147750854492
994.3888359069824
1599.6133117675781
1070.5909843444824
880.7464752197266
1231.3063735961914
758.8907356262207
1305.441837310791
957.9223747253418
996.9648818969727
1068.233699798584
903.9131469726562
1254.5590858459473
671.3330917358398
1152.9090538024902
859.5541076660156
804.5720138549805
666.4643402099609
565.4930801391602
609.1451988220215
287.52524185180664
391.1260108947754
201.82681274414062
95.3147964477539
71.56410598754883
65.97592163085938
64.21405029296875
44.48078155517578
98.4921646118164
1481.3612251281738
2603.2118949890137
2494.6738510131836
2305.9022064208984
2728.723487854004
3049.374782562256
2163.5158462524414
1713.5963516235352
694.0676612854004
505.8848190307617
188.6122817993164
96.09381103515625
110.52254104614258
654.4394989013672
1983.2883796691895
1641.1085243225098
2339.8417053222656
2275.0681343078613
2002.7986793518066
3122.217670440674
2490.217540740967
2946.6493034362793
2362.3240547180176
2244.529914855957
3070.5289764404297
2303.7740631103516
1995.938663482666
1327.8895454406738
1904.2651901245117
1204.4978408813477
1172.7822303771973
397.0806198120117
429.90150451660156
340.39576721191406
166.96963119506836
131.63991928100586
55.36237335205078
31.15666961669922
39.913387298583984
52.049354553222656
20.780254364013672
21.21200942993164
23.084026336669922
14.670204162597656
25.119491577148438
21.17461395263672
16.398845672607422
19.248031616210938
18.13085174560547
13.24969482421875
21.132225036621094
27.882431030273438
112.53733444213867
47.21949005126953
32.17794418334961
45.63540267944336
13.625328063964844
16.40807342529297
123.3223762512207
894.0465469360352
1146.0380935668945
1046.813045501709
529.3093147277832
354.6460876464844
445.1809616088867
982.0219383239746
2228.2720909118652
3286.8117866516113
4949.180397033691
6882.865341186523
9915.610702514648
5762.567581176758
7011.092891693115
6039.398334503174
3445.484687805176
1495.6808700561523
2403.6309776306152
11393.135192871094
11707.165340423584
9955.055698394775
8589.73934173584
7009.105388641357
5584.791584014893
3430.520008087158
2889.0515518188477
5088.027084350586
6958.473400115967
7948.294246673584
9597.790363311768
9472.585384368896
8120.621032714844
2664.0947189331055
1287.2881088256836
485.7860221862793
108.77516555786133
186.50204467773438
427.4912452697754
273.8293113708496
267.130615234375
87.2828598022461
22.730213165283203
28.627044677734375
35.04556655883789
39.48507308959961
20.92160415649414
34.47959518432617
18.022689819335938
21.734634399414062
31.11687469482422
17.382461547851562
25.128562927246094
15.887771606445312
18.462688446044922
9.016204833984375
9.095722198486328
13.125465393066406
8.965167999267578
17.504413604736328
16.536022186279297
18.91464614868164
13.539005279541016
14.75075912475586
7.133884429931641
18.74787139892578
14.732124328613281
18.393539428710938
9.422603607177734
11.321361541748047
29.46383285522461
16.212635040283203
11.915271759033203
16.26251220703125
16.650192260742188
29.46175765991211
13.496166229248047
15.270587921142578
31.67315673828125
488.2825622558594
338.8202819824219
780.3517990112305
795.2609405517578
845.4917411804199
873.3484649658203
811.8440399169922
725.350902557373
530.9468879699707
576.0084419250488
503.2215270996094
485.03561782836914
345.13323974609375
201.72485733032227
277.16347885131836
101.63360595703125
51.87091827392578
28.509033203125
35.253055572509766
37.89759063720703
32.816471099853516
29.815521240234375
58.19175720214844
21.563316345214844
29.310569763183594
34.02222442626953
15.428119659423828
27.445018768310547
25.078407287597656
12.136417388916016
29.403873443603516
16.07534408569336
13.500988006591797
13.787540435791016
18.669925689697266
25.852081298828125
12.803516387939453
14.431781768798828
22.728282928466797
12.277976989746094
18.299510955810547
138.82868194580078
1093.8941688537598
1505.2684478759766
1518.910816192627
801.8243980407715
1173.197608947754
1093.7779693603516
1369.485195159912
1240.523609161377
1296.6557579040527
691.1648178100586
783.8470878601074
475.68092346191406
760.0447425842285
775.0828094482422
1134.2237701416016
1013.2842330932617
582.3632354736328
503.41600036621094
424.517635345459
212.6377182006836
90.72402572631836
30.84728240966797
33.90994644165039
31.100513458251953
22.775733947753906
32.23013687133789
20.50865936279297
16.01531982421875
11.02072525024414
10.392871856689453
10.594432830810547
11.845252990722656
30.675983428955078
18.086528778076172
114.09621810913086
93.67126846313477
48.613399505615234
40.74494171142578
51.35169219970703
352.98067474365234
178.60322189331055
344.7490997314453
265.3698539733887
686.6979751586914
1742.83740234375
1379.3328323364258
1909.6140975952148
1212.7211151123047
1206.8359642028809
724.8337783813477
513.3540916442871
1462.1949462890625
1612.1243362426758
1563.9831848144531
1423.6317863464355
2336.5726890563965
3303.4441146850586
2456.968734741211
2696.434883117676
2917.090831756592
1735.692497253418
1152.956932067871
619.8689575195312
481.53792572021484
313.41143798828125
358.5845527648926
690.2289009094238
847.1165542602539
527.3797492980957
838.691764831543
724.1507949829102
381.29808807373047
237.34653854370117
73.88514709472656
144.58250427246094
43.04703140258789
24.474224090576172
16.476882934570312
23.461559295654297
22.20440673828125
21.171890258789062
19.606487274169922
24.45096206665039
12.584369659423828
17.28555679321289
14.05721664428711
13.318153381347656
10.37479019165039
28.523818969726562
156.9892807006836
364.63079833984375
525.8937225341797
414.51545333862305
463.495174407959
582.0553016662598
470.96329498291016
657.1116828918457
1393.6563110351562
1537.2380142211914
2396.249828338623
3001.025463104248
1660.6828994750977
1024.4727973937988
1036.0659675598145
1520.5403861999512
346.55285263061523
427.1509475708008
203.9698600769043
114.75052261352539
76.7711067199707
45.438560485839844
25.289005279541016
194.49208068847656
115.20381927490234
72.69409942626953
49.37371826171875
33.05717849731445
81.67378234863281
440.8936004638672
602.7408676147461
275.3973579406738
389.8960876464844
228.82374954223633
275.6173896789551
481.4585151672363
264.7764205932617
270.41015243530273
235.78771209716797
207.97425079345703
164.64640045166016
104.48351287841797
93.6401481628418
97.57450485229492
72.12035751342773
74.62141418457031
95.77790451049805
50.66804885864258
51.40602493286133
52.80937576293945
32.99808883666992
14.841793060302734
26.711612701416016
14.531005859375
22.06877899169922
17.430217742919922
15.585731506347656
17.02423858642578
20.058399200439453
16.914684295654297
11.371463775634766
15.7645263671875
21.181224822998047
16.128177642822266
20.44021224975586
9.326057434082031
14.37353515625
11.810169219970703
8.48917007446289
11.839706420898438
10.71823501586914
15.622337341308594
15.570785522460938
22.129810333251953
11.802783966064453
15.483196258544922
18.175067901611328
18.793331146240234
16.340370178222656
24.266075134277344
26.841129302978516
13.716609954833984
23.300647735595703
17.494029998779297
24.882938385009766
18.43463134765625
14.984882354736328
15.549541473388672
14.316177368164062
17.726016998291016
16.02399444580078
8.280189514160156
10.179920196533203
12.449504852294922
17.924259185791016
18.540447235107422
15.867881774902344
9.10055923461914
20.71137237548828
8.41800308227539
15.51031494140625
15.842979431152344
15.733558654785156
17.73678207397461
15.74087142944336
12.114383697509766
17.161365509033203
10.82266616821289
15.595932006835938
12.824703216552734
15.534198760986328
17.88241195678711
16.44620132446289
18.523902893066406
11.0340576171875
15.184188842773438
10.243267059326172
15.308330535888672
17.278728485107422
17.208553314208984
13.861091613769531
13.68130111694336
16.693431854248047
14.760822296142578
10.689899444580078
17.164920806884766
13.457710266113281
5.465576171875
