4.026470184326172
1.542236328125
1.1110153198242188
1.0732192993164062
0.9952735900878906
1.0493125915527344
1.0270843505859375
1.0101585388183594
1.0319671630859375
1.0650444030761719
0.6802101135253906
0.018398284912109375
0.015193939208984375
0.017120361328125
0.0177459716796875
0.014865875244140625
0.015048980712890625
0.015590667724609375
0.016246795654296875
0.016262054443359375
0.01653289794921875
0.0145111083984375
0.016780853271484375
0.01685333251953125
0.016338348388671875
0.013912200927734375
0.017406463623046875
0.07711029052734375
1459.1801948547363
1170.2957725524902
1860.9661712646484
2140.9268379211426
4437.5753746032715
5929.894996643066
6227.82666015625
4435.358135223389
7298.890460968018
3600.412498474121
2169.3419799804688
790.6001930236816
1899.551700592041
35731.85416030884
38624.09939575195
37493.547664642334
22699.90188217163
22436.644313812256
17318.081382751465
987.3504295349121
671.4956512451172
1368.9297981262207
8066.984951019287
11754.98904800415
4491.3128089904785
3221.61763381958
2536.577911376953
1613.9956970214844
271.0340995788574
57.7779426574707
42.94708251953125
85.70854187011719
668.7001075744629
616.9399909973145
400.3317565917969
313.8357620239258
460.80926513671875
926.0891876220703
1926.6095390319824
1932.2484397888184
2125.493579864502
2833.8331985473633
3401.1721992492676
939.0552673339844
259.9395179748535
387.5470275878906
726.9948387145996
817.9475364685059
807.3392562866211
3664.0063247680664
12630.32502746582
9602.46509552002
6057.480899810791
873.6192817687988
1001.4211273193359
10428.310165405273
15113.33430480957
15049.692527770996
10705.832885742188
7067.988384246826
6894.741779327393
5746.1043128967285
4041.368118286133
2687.9555740356445
1987.8896446228027
1621.4929656982422
4223.84602355957
9175.914951324463
11042.497379302979
9812.570343017578
9002.973636627197
7865.269664764404
8290.60506439209
6827.068603515625
4233.442604064941
3236.4959678649902
960.6387405395508
150.13103103637695
50.325355529785156
32.04459762573242
23.941192626953125
30.44873809814453
24.9522705078125
16.695568084716797
24.329627990722656
16.315628051757812
20.354961395263672
347.73431396484375
1173.8697776794434
113.37300109863281
49.46205520629883
40.84658432006836
28.337806701660156
41.67491912841797
38.86161804199219
51.53943634033203
64.48098373413086
81.05137634277344
98.70399856567383
86.03722763061523
67.94990539550781
80.82035827636719
78.22117614746094
42.88555908203125
30.54364776611328
28.465145111083984
23.191253662109375
26.41827392578125
17.37253189086914
19.683197021484375
22.58334732055664
18.249584197998047
24.142078399658203
16.18478775024414
25.31139373779297
23.670211791992188
22.30034637451172
25.14111328125
15.096866607666016
20.140689849853516
24.319698333740234
20.24597930908203
23.33620834350586
16.96670913696289
22.225341796875
22.944438934326172
26.324649810791016
44.36827850341797
114.26465225219727
222.13741302490234
375.5811424255371
1187.498607635498
1884.9939270019531
5479.979072570801
39032.45900726318
50563.19288253784
29513.800872802734
1469.484561920166
464.41396713256836
195.64678573608398
174.8765869140625
458.88623428344727
4241.561370849609
7423.452102661133
13026.781127929688
8576.351726531982
513.6906127929688
401.0717582702637
1714.4548568725586
5739.4478759765625
1176.675868988037
1822.7161979675293
1307.9994430541992
7421.427276611328
1832.3736000061035
27458.105838775635
90697.46710586548
60767.694690704346
77469.78834915161
42644.702350616455
13822.110515594482
23509.978591918945
8878.201179504395
5986.641040802002
2861.0725593566895
2001.5636940002441
150.40026092529297
173.04696655273438
76.42313003540039
30.44314956665039
45.866188049316406
25.2490234375
22.79816436767578
25.690540313720703
17.628570556640625
25.89319610595703
22.005741119384766
21.15963363647461
21.088722229003906
22.785690307617188
14.125289916992188
26.256866455078125
21.59111785888672
11.045604705810547
