0.1803921568627451
0.047058823529411764
0.0
0.0
0.0
0.0
0.0
0.0
0.0
0.0
0.027450980392156862
0.011764705882352941
0.023529411764705882
0.0
0.0
0.0
0.01568627450980392
0.00784313725490196
0.00784313725490196
0.01568627450980392
0.01568627450980392
0.00784313725490196
0.0
0.01568627450980392
0.00784313725490196
0.00784313725490196
0.01568627450980392
0.10196078431372549
0.4588235294117647
0.49411764705882355
0.5450980392156862
0.5098039215686274
0.5372549019607843
0.4980392156862745
0.4745098039215686
0.5333333333333333
0.5058823529411764
0.47843137254901963
0.5137254901960784
0.5137254901960784
0.49019607843137253
0.5529411764705883
0.5725490196078431
0.49019607843137253
0.4823529411764706
0.5019607843137255
0.4823529411764706
0.4980392156862745
0.5137254901960784
0.5098039215686274
0.4470588235294118
0.4588235294117647
0.5215686274509804
0.5450980392156862
0.5058823529411764
0.48627450980392156
0.4392156862745098
0.3803921568627451
0.3137254901960784
0.5254901960784314
0.5254901960784314
0.4235294117647059
0.5450980392156862
0.5333333333333333
0.44313725490196076
0.5019607843137255
0.4627450980392157
0.48627450980392156
0.5411764705882353
0.5254901960784314
0.4549019607843137
0.5294117647058824
0.5294117647058824
0.4823529411764706
0.3843137254901961
0.4980392156862745
0.49019607843137253
0.5098039215686274
0.4980392156862745
0.5137254901960784
0.5294117647058824
0.5058823529411764
0.47843137254901963
0.5058823529411764
0.49411764705882355
0.5294117647058824
0.4549019607843137
0.5137254901960784
0.5215686274509804
0.48627450980392156
0.5333333333333333
0.4980392156862745
0.4980392156862745
0.5215686274509804
0.5058823529411764
0.5176470588235295
0.4196078431372549
0.4588235294117647
0.49019607843137253
0.5019607843137255
0.5215686274509804
0.4588235294117647
0.5098039215686274
0.5372549019607843
0.47843137254901963
0.396078431372549
0.3686274509803922
0.28627450980392155
0.33725490196078434
0.25882352941176473
0.30196078431372547
0.21176470588235294
0.25882352941176473
0.23921568627450981
0.3215686274509804
0.5294117647058824
0.49411764705882355
0.4823529411764706
0.41568627450980394
0.3058823529411765
0.35294117647058826
0.45098039215686275
0.45098039215686275
0.47843137254901963
0.5176470588235295
0.49019607843137253
0.49019607843137253
0.5019607843137255
0.4549019607843137
0.5254901960784314
0.4392156862745098
0.38823529411764707
0.41568627450980394
0.33725490196078434
0.3568627450980392
0.2784313725490196
0.30196078431372547
0.29411764705882354
0.25098039215686274
0.2784313725490196
0.30196078431372547
0.2823529411764706
0.3333333333333333
0.3215686274509804
0.2901960784313726
0.27058823529411763
0.23529411764705882
0.25882352941176473
0.25882352941176473
0.2901960784313726
0.25882352941176473
0.1803921568627451
0.26666666666666666
0.2980392156862745
0.32941176470588235
0.4745098039215686
0.49411764705882355
0.47058823529411764
0.49019607843137253
0.5529411764705883
0.5058823529411764
0.5411764705882353
0.4549019607843137
0.5294117647058824
0.5058823529411764
0.49019607843137253
0.5098039215686274
0.4392156862745098
0.49411764705882355
0.44313725490196076
0.47843137254901963
0.5254901960784314
0.47058823529411764
0.5019607843137255
0.4666666666666667
0.5647058823529412
0.5019607843137255
0.4745098039215686
0.4980392156862745
0.5294117647058824
0.5058823529411764
0.49411764705882355
0.48627450980392156
0.48627450980392156
0.47843137254901963
0.5058823529411764
0.5019607843137255
0.47843137254901963
0.5254901960784314
0.49019607843137253
0.5333333333333333
0.47843137254901963
0.47843137254901963
0.47058823529411764
0.4666666666666667
0.5098039215686274
0.3803921568627451
0.3568627450980392
0.40784313725490196
0.27058823529411763
0.2901960784313726
0.3176470588235294
0.2784313725490196
0.2823529411764706
0.21176470588235294
0.19607843137254902
0.24705882352941178
0.28627450980392155
0.16862745098039217
0.29411764705882354
0.27058823529411763
0.10196078431372549
