14.781990051269531
17.949535369873047
3.7317352294921875
6.268989562988281
11.009727478027344
9.06241226196289
8.546489715576172
2.2790489196777344
2.0864601135253906
1.5805892944335938
2.852283477783203
2.4155349731445312
1.5526466369628906
1.509185791015625
2.964832305908203
1.584625244140625
1.6152572631835938
2.866069793701172
4.202320098876953
10.147567749023438
3.437469482421875
1.7677841186523438
2.257415771484375
12.071487426757812
149.08697509765625
8007.322448730469
25381.625045776367
32588.934810638428
34460.366397857666
39029.25210571289
67447.52482223511
71759.66194152832
71373.52066040039
57142.403690338135
31564.233741760254
7431.405292510986
1836.4628372192383
1393.8392372131348
1077.8366928100586
489.3462371826172
2106.970069885254
23905.39446258545
37460.95646286011
27920.732620239258
30718.40980911255
36140.0506439209
22589.46156692505
24994.30823135376
17392.751789093018
11463.038188934326
1898.7111473083496
397.8855514526367
182.79448699951172
503.7181091308594
360.75269317626953
378.25575256347656
103.678466796875
6442.534538269043
22285.902626037598
15232.021381378174
9770.928730010986
11386.471954345703
8007.02908706665
5505.862148284912
5330.731651306152
6345.981155395508
3788.399959564209
781.8001251220703
138.5321807861328
167.38952255249023
3393.537624359131
10539.119987487793
21430.412071228027
20007.980613708496
22254.232307434082
16807.211574554443
20831.635189056396
25360.421005249023
8263.24259185791
1656.4151077270508
534.4558639526367
297.4094772338867
74.84837341308594
104.42981719970703
2599.3737602233887
20223.85763168335
15456.58411026001
11036.2131690979
12127.10403060913
25092.133178710938
32918.32911300659
33688.41590881348
21425.358322143555
2973.5679893493652
682.4452438354492
836.5283432006836
1498.0669593811035
1809.6337089538574
16078.738689422607
19853.274620056152
20905.191333770752
12358.70512008667
11497.806209564209
16610.236072540283
20687.681632995605
27220.597450256348
24450.67992401123
11056.334468841553
6115.20804977417
9392.196075439453
8063.641986846924
10516.937046051025
12788.614124298096
13260.587238311768
12977.211471557617
15491.865600585938
5551.683891296387
1088.5526275634766
749.3103713989258
828.1009750366211
1572.890640258789
2503.118537902832
2563.338180541992
3350.253833770752
5618.226528167725
5687.6625900268555
7016.578235626221
7921.831962585449
3673.201934814453
1909.1331672668457
253.69074630737305
137.4605598449707
90.22832870483398
65.9361343383789
502.3307914733887
3184.070629119873
3208.2311096191406
3662.975330352783
3062.55118560791
1121.5887298583984
257.8934631347656
82.62776565551758
63.220428466796875
20.087825775146484
18.763469696044922
8809.984859466553
22839.275955200195
12925.29863357544
16576.823066711426
19076.336666107178
29087.98355102539
7950.431865692139
5863.330368041992
4971.258541107178
1078.5955619812012
127.97075271606445
77.75931167602539
104.57864379882812
35.65116882324219
26.948680877685547
7.589168548583984
5.6483154296875
3.5377197265625
3.586139678955078
3.5290298461914062
2.433330535888672
2.637500762939453
1.5794029235839844
1.5788841247558594
3.5121841430664062
2.3113441467285156
3.1786155700683594
2.9365081787109375
3.6867637634277344
3.0206871032714844
2.876605987548828
1.6212234497070312
3.3496742248535156
2.6548805236816406
1.4807052612304688
2.971038818359375
3.9346580505371094
1.3580513000488281
1.3973731994628906
2.6679344177246094
2.3538246154785156
4.075595855712891
3.9521713256835938
5.016120910644531
4.882579803466797
4.710113525390625
