0.2235294117647059
0.19215686274509805
0.09411764705882353
0.09411764705882353
0.15294117647058825
0.0392156862745098
0.10588235294117647
0.03529411764705882
0.050980392156862744
0.06666666666666667
0.03137254901960784
0.050980392156862744
0.12156862745098039
0.10588235294117647
0.058823529411764705
0.06666666666666667
0.10980392156862745
0.047058823529411764
0.011764705882352941
0.03137254901960784
0.043137254901960784
0.050980392156862744
0.06274509803921569
0.24313725490196078
0.5058823529411764
0.4745098039215686
0.5137254901960784
0.5176470588235295
0.5568627450980392
0.5058823529411764
0.48627450980392156
0.5568627450980392
0.5058823529411764
0.5372549019607843
0.5098039215686274
0.5137254901960784
0.5411764705882353
0.4980392156862745
0.5019607843137255
0.5176470588235295
0.45098039215686275
0.4745098039215686
0.5176470588235295
0.6
0.5568627450980392
0.5137254901960784
0.5333333333333333
0.47843137254901963
0.45098039215686275
0.5254901960784314
0.5176470588235295
0.5019607843137255
0.42745098039215684
0.5490196078431373
0.5058823529411764
0.5019607843137255
0.5411764705882353
0.4823529411764706
0.5372549019607843
0.4823529411764706
0.49019607843137253
0.5372549019607843
0.4980392156862745
0.4823529411764706
0.4745098039215686
0.49019607843137253
0.5607843137254902
0.5137254901960784
0.3686274509803922
0.4392156862745098
0.4588235294117647
0.5058823529411764
0.48627450980392156
0.5333333333333333
0.5058823529411764
0.47058823529411764
0.5254901960784314
0.5450980392156862
0.4627450980392157
0.49019607843137253
0.48627450980392156
0.47843137254901963
0.35294117647058826
0.3843137254901961
0.4745098039215686
0.5058823529411764
0.4980392156862745
0.5607843137254902
0.5137254901960784
0.5019607843137255
0.4588235294117647
0.49019607843137253
0.48627450980392156
0.4745098039215686
0.5176470588235295
0.5843137254901961
0.47843137254901963
0.49019607843137253
0.4980392156862745
0.5098039215686274
0.44313725490196076
0.4823529411764706
0.4666666666666667
0.5843137254901961
0.5137254901960784
0.5411764705882353
0.47058823529411764
0.49019607843137253
0.47058823529411764
0.4980392156862745
0.5294117647058824
0.49411764705882355
0.5411764705882353
0.47058823529411764
0.4470588235294118
0.4627450980392157
0.5176470588235295
0.4980392156862745
0.5098039215686274
0.44313725490196076
0.5215686274509804
0.4588235294117647
0.48627450980392156
0.5058823529411764
0.5137254901960784
0.5607843137254902
0.5529411764705883
0.4823529411764706
0.5450980392156862
0.5019607843137255
0.4549019607843137
0.396078431372549
0.40784313725490196
0.403921568627451
0.36470588235294116
0.49019607843137253
0.5568627450980392
0.47843137254901963
0.48627450980392156
0.5215686274509804
0.47058823529411764
0.4196078431372549
0.3568627450980392
0.29411764705882354
0.21568627450980393
0.5098039215686274
0.4470588235294118
0.5372549019607843
0.5254901960784314
0.4745098039215686
0.5176470588235295
0.49019607843137253
0.49411764705882355
0.5372549019607843
0.5098039215686274
0.4823529411764706
0.3607843137254902
0.4
0.3333333333333333
0.3058823529411765
0.13333333333333333
0.09019607843137255
0.050980392156862744
0.058823529411764705
0.03529411764705882
0.00784313725490196
0.03529411764705882
0.050980392156862744
0.01568627450980392
0.1411764705882353
0.043137254901960784
0.054901960784313725
0.023529411764705882
0.06666666666666667
0.08627450980392157
0.050980392156862744
0.06666666666666667
0.06666666666666667
0.0784313725490196
0.08627450980392157
0.10980392156862745
0.09803921568627451
0.12549019607843137
0.1411764705882353
0.09019607843137255
0.17647058823529413
0.1568627450980392
0.1568627450980392
0.13725490196078433
0.17254901960784313
0.12549019607843137
