96.18334579467773
99.55807113647461
85.67606353759766
77.70673751831055
105.58721160888672
97.75985336303711
57.22902297973633
79.66622161865234
76.38339233398438
86.89541625976562
116.62932205200195
59.44585418701172
89.47188186645508
48.8665885925293
84.84919357299805
49.17892837524414
46.72872543334961
95.74933624267578
81.99894714355469
94.3571548461914
88.93554306030273
84.71624374389648
145.02203750610352
79.74570083618164
62.65125274658203
120.05339813232422
68.0992660522461
95.62700271606445
84.89622116088867
61.336029052734375
83.42071151733398
60.007816314697266
56.65826416015625
74.10145950317383
63.542694091796875
64.76494979858398
52.47294998168945
63.937774658203125
61.72914123535156
39.226505279541016
76.18129348754883
43.642356872558594
63.05607986450195
48.240867614746094
49.70390319824219
90.99718475341797
86.95591354370117
71.64680862426758
116.67385864257812
117.73591995239258
62.82781219482422
60.288944244384766
52.90317916870117
66.43631362915039
61.709228515625
42.5737190246582
51.42719650268555
57.51841354370117
319.5513381958008
1487.8008842468262
5079.166923522949
13444.823928833008
55655.06697463989
157646.8937110901
108172.61251831055
52012.803215026855
34467.071155548096
36569.34938812256
72324.48103713989
68334.6653251648
74399.386013031
79213.15691375732
54204.959590911865
38896.56826019287
7298.177474975586
3345.8782920837402
1313.3580932617188
704.0358734130859
806.194164276123
1786.393238067627
3239.74560546875
7470.014575958252
11639.828254699707
28924.634510040283
27085.740077972412
39696.17422103882
20894.81227874756
26073.73169708252
21897.83476638794
25906.348293304443
17436.451725006104
4864.128002166748
532.650505065918
220.02532196044922
269.4074821472168
166.44864654541016
231.9727897644043
292.53907012939453
334.93375396728516
375.3666343688965
151.6142120361328
4813.2554359436035
23057.382133483887
25316.799446105957
20625.148349761963
17521.549339294434
13483.662559509277
12453.76347732544
10324.325664520264
9418.90817642212
15098.32092666626
15576.228057861328
5083.95491027832
2098.180824279785
7608.316631317139
15246.056800842285
52373.020568847656
49360.97841644287
68115.51261901855
56684.565448760986
23942.433250427246
18994.970741271973
5125.502639770508
1373.1864891052246
585.7232208251953
610.2485466003418
798.4414863586426
448.0684471130371
900.9170188903809
11874.403865814209
19384.04945373535
18456.417934417725
22302.873207092285
30272.572723388672
35819.250717163086
41322.87608718872
27857.2403755188
51730.16323852539
73262.39423751831
97504.35796356201
90624.89740371704
70369.43830871582
85847.93492126465
116016.33176803589
46258.36636352539
18585.862350463867
6990.179706573486
1421.5333404541016
448.30475997924805
617.8081550598145
477.68718338012695
575.2856330871582
399.1963233947754
315.57805252075195
1277.2943115234375
10215.10111618042
33798.44284439087
62500.44355773926
69089.2007598877
57290.47255706787
72731.58632278442
31885.42446899414
13434.020603179932
17929.308223724365
21116.97576522827
14790.721416473389
4771.972011566162
3251.0681953430176
1163.6108131408691
1036.6555099487305
954.4949951171875
2323.1688346862793
5999.886016845703
16265.224838256836
35688.0417137146
59632.74463272095
80377.6395149231
76447.22778320312
74570.64213180542
62523.66899871826
48661.19471740723
47500.51205444336
12970.1354637146
4193.745113372803
926.6887474060059
295.0943031311035
271.1492347717285
142.0066032409668
133.0613555908203
115.19141387939453
85.06898498535156
87.8567123413086
65.03545379638672
54.751502990722656
73.04299545288086
86.42223358154297
100.93445587158203
92.02674865722656
47.922306060791016
54.31038284301758
42.76470947265625
54.92002868652344
48.45446014404297
45.2207145690918
65.75135040283203
57.57243347167969
29.462810516357422
24.723342895507812
24.511920928955078
25.413841247558594
29.165058135986328
60.47572326660156
83.9606704711914
65.0875473022461
32.13553237915039
40.4053840637207
