0.4
0.4549019607843137
0.3843137254901961
0.396078431372549
0.41568627450980394
0.4117647058823529
0.32941176470588235
0.3607843137254902
0.3568627450980392
0.35294117647058826
0.37254901960784315
0.3176470588235294
0.35294117647058826
0.3568627450980392
0.44313725490196076
0.3843137254901961
0.34901960784313724
0.4196078431372549
0.30196078431372547
0.40784313725490196
0.3215686274509804
0.403921568627451
0.4745098039215686
0.4196078431372549
0.37254901960784315
0.37254901960784315
0.3843137254901961
0.4549019607843137
0.403921568627451
0.34901960784313724
0.45098039215686275
0.3686274509803922
0.33725490196078434
0.34901960784313724
0.3803921568627451
0.40784313725490196
0.30196078431372547
0.34901960784313724
0.39215686274509803
0.30196078431372547
0.39215686274509803
0.35294117647058826
0.40784313725490196
0.4
0.3803921568627451
0.41568627450980394
0.35294117647058826
0.38823529411764707
0.4196078431372549
0.42745098039215684
0.3607843137254902
0.4117647058823529
0.36470588235294116
0.4196078431372549
0.33725490196078434
0.30980392156862746
0.37254901960784315
0.36470588235294116
0.4470588235294118
0.4980392156862745
0.4549019607843137
0.4745098039215686
0.5176470588235295
0.4823529411764706
0.4392156862745098
0.5098039215686274
0.44313725490196076
0.4666666666666667
0.5215686274509804
0.48627450980392156
0.47843137254901963
0.5098039215686274
0.5019607843137255
0.4470588235294118
0.5254901960784314
0.5019607843137255
0.41568627450980394
0.4392156862745098
0.5176470588235295
0.4470588235294118
0.4823529411764706
0.5137254901960784
0.48627450980392156
0.49019607843137253
0.47058823529411764
0.48627450980392156
0.4666666666666667
0.5058823529411764
0.5568627450980392
0.5019607843137255
0.5176470588235295
0.5294117647058824
0.5176470588235295
0.49411764705882355
0.47843137254901963
0.47843137254901963
0.5098039215686274
0.4980392156862745
0.42745098039215684
0.5294117647058824
0.4549019607843137
0.4823529411764706
0.49411764705882355
0.5215686274509804
0.5450980392156862
0.4588235294117647
0.47843137254901963
0.5137254901960784
0.49019607843137253
0.5176470588235295
0.5372549019607843
0.4745098039215686
0.43137254901960786
0.5137254901960784
0.4823529411764706
0.45098039215686275
0.49411764705882355
0.43529411764705883
0.5215686274509804
0.5490196078431373
0.49019607843137253
0.5333333333333333
0.5176470588235295
0.5372549019607843
0.5098039215686274
0.4666666666666667
0.4823529411764706
0.5490196078431373
0.5333333333333333
0.5490196078431373
0.5137254901960784
0.4627450980392157
0.4823529411764706
0.49019607843137253
0.5019607843137255
0.5058823529411764
0.43529411764705883
0.5098039215686274
0.4627450980392157
0.4470588235294118
0.4980392156862745
0.4980392156862745
0.5294117647058824
0.5529411764705883
0.47843137254901963
0.5098039215686274
0.47058823529411764
0.49411764705882355
0.5176470588235295
0.4823529411764706
0.47843137254901963
0.5411764705882353
0.49411764705882355
0.4549019607843137
0.44313725490196076
0.5372549019607843
0.5019607843137255
0.5058823529411764
0.5176470588235295
0.4627450980392157
0.5215686274509804
0.5411764705882353
0.4980392156862745
0.4627450980392157
0.5568627450980392
0.5254901960784314
0.5137254901960784
0.48627450980392156
0.4980392156862745
0.5058823529411764
0.49411764705882355
0.5215686274509804
0.4470588235294118
0.44313725490196076
0.47843137254901963
0.4666666666666667
0.4980392156862745
0.5294117647058824
0.5450980392156862
0.5098039215686274
0.5098039215686274
0.5176470588235295
0.5019607843137255
0.49019607843137253
0.4980392156862745
0.4666666666666667
0.47058823529411764
0.42745098039215684
0.40784313725490196
0.4196078431372549
0.4
0.396078431372549
0.3803921568627451
0.3607843137254902
0.3843137254901961
0.3568627450980392
0.35294117647058826
0.3803921568627451
0.3764705882352941
0.3568627450980392
0.34901960784313724
0.3215686274509804
0.3215686274509804
0.35294117647058826
0.3254901960784314
0.2980392156862745
0.30196078431372547
0.3137254901960784
0.3058823529411765
0.29411764705882354
0.2549019607843137
0.3607843137254902
0.3686274509803922
0.403921568627451
0.2901960784313726
0.3137254901960784
