0.5904006958007812
0.6296844482421875
0.6261482238769531
0.7168006896972656
0.6279563903808594
0.7377052307128906
0.6676177978515625
0.6256790161132812
0.682525634765625
0.6011543273925781
0.6227989196777344
0.6090927124023438
0.5477561950683594
0.6389198303222656
0.5537834167480469
0.5681877136230469
0.6402931213378906
0.7125053405761719
0.7107925415039062
0.703094482421875
0.6170463562011719
0.6192054748535156
0.6802330017089844
0.6399612426757812
0.64813232421875
0.5978164672851562
0.6907196044921875
0.6296005249023438
0.6317863464355469
0.64794921875
0.6477279663085938
0.6483535766601562
0.6405715942382812
0.66229248046875
0.6591415405273438
0.6278038024902344
0.8172607421875
0.6960487365722656
0.6647186279296875
0.6300430297851562
0.6512603759765625
0.7168960571289062
0.5896263122558594
0.6516876220703125
28.533042907714844
13.152851104736328
110.91131210327148
149.4037971496582
109.29164505004883
246.92138290405273
14266.444450378418
31949.09041595459
34430.39708328247
45431.49264526367
32356.80198287964
15090.618656158447
14066.511447906494
17304.544033050537
16326.189453125
21297.33930206299
21045.24433517456
19674.409828186035
18341.191509246826
16516.265327453613
13988.811851501465
13911.123695373535
19602.151222229004
21292.90717315674
28828.850700378418
63110.44431304932
81144.48902511597
58368.584369659424
57911.559467315674
36410.083503723145
39380.01309585571
28153.640663146973
18566.104732513428
9257.246627807617
809.1275177001953
599.5976371765137
3325.467945098877
16592.64712524414
20015.524784088135
14065.201511383057
13105.092414855957
14550.886821746826
8603.668182373047
4711.870132446289
1156.0015335083008
198.30965423583984
78.38650512695312
210.05364990234375
845.2600440979004
570.2921600341797
2744.528106689453
42213.53607559204
76165.45846176147
81358.3402709961
68279.80224990845
59049.62068557739
20774.179275512695
3224.701240539551
991.8243675231934
216.61052322387695
129.77377700805664
117.44917678833008
72.38154602050781
1864.200912475586
20748.4757232666
25651.608753204346
24388.805709838867
17814.247371673584
10780.8872756958
13753.427642822266
11954.176990509033
3748.097858428955
296.8574104309082
364.11984634399414
6943.775791168213
19480.67311477661
35641.34558868408
34304.24337387085
17112.115043640137
3234.2552528381348
130.4195899963379
359.03502655029297
5904.042728424072
17942.76898956299
28375.051383972168
24468.006813049316
29798.918182373047
18423.628093719482
11580.105319976807
4976.067813873291
481.3588409423828
149.93572616577148
1029.910758972168
18956.54669189453
24901.41574859619
21946.290615081787
15785.481803894043
15012.727752685547
14081.641746520996
9339.05484008789
8993.912551879883
7368.621635437012
11089.520179748535
12933.837413787842
23317.377738952637
22992.97815322876
23319.51895904541
31509.929134368896
53131.75986099243
74577.15265274048
76834.21019363403
48020.14284515381
28767.24701690674
9422.796760559082
1357.4387168884277
410.3286666870117
99.026611328125
176.9808120727539
1116.2523384094238
1623.9629020690918
956.6555709838867
14609.748210906982
31200.375465393066
33961.81010437012
32708.49203491211
22450.508514404297
7446.848686218262
4888.325176239014
4363.390830993652
7447.518520355225
16199.074642181396
32988.05553436279
20575.465614318848
26271.03702545166
25085.82018661499
17678.96230316162
13560.06948852539
13797.755443572998
8975.171691894531
6706.716106414795
7034.992527008057
4112.020111083984
2213.0751953125
2065.808624267578
4114.1796798706055
7146.117893218994
13904.973834991455
15936.325477600098
7501.291622161865
2387.8194694519043
1273.189811706543
7271.474380493164
51548.685428619385
76151.81658935547
41555.54970550537
32873.494705200195
25839.23223876953
9690.500328063965
1780.1761512756348
791.7300262451172
473.00374603271484
1973.9455261230469
20747.006412506104
25182.691318511963
22982.454879760742
27172.928634643555
17941.419593811035
15732.983863830566
7322.438732147217
4386.345165252686
4121.377067565918
4197.325160980225
2566.321731567383
626.9963111877441
261.64661407470703
282.0085105895996
770.7985305786133
1888.7695503234863
3271.129665374756
4100.809314727783
4327.265438079834
4603.356777191162
2052.6978607177734
875.8110885620117
367.0682830810547
350.97555923461914
340.5272789001465
206.08385848999023
225.7878646850586
105.57146835327148
3743.2059783935547
7079.910118103027
10398.078048706055
11803.957195281982
9128.097389221191
7511.710166931152
3593.5138931274414
1312.107650756836
209.10020065307617
80.7249984741211
21.749618530273438
93.14528274536133
572.7776985168457
12598.117904663086
18715.87769317627
30277.57939529419
33424.82131195068
37217.44428253174
29572.95818710327
17809.200973510742
9166.52950668335
6345.46280670166
2133.1462936401367
283.0711212158203
239.2149429321289
295.51459884643555
126.00139617919922
75.12137985229492
653.8491859436035
2600.674747467041
2087.18350982666
581.6153755187988
143.85010528564453
36.47584915161133
15.896347045898438
3871.798610687256
10281.035865783691
6432.315029144287
6401.1412353515625
6800.040237426758
11135.51636505127
17516.559700012207
14091.833866119385
5256.493740081787
310.5008888244629
58.26482391357422
283.4396209716797
2666.356819152832
213.38421249389648
247.1412239074707
216.66603469848633
681.1760520935059
3699.0499687194824
3975.9708557128906
4925.853229522705
2511.083423614502
993.840705871582
208.64081573486328
121.98466873168945
56.33115768432617
14.82474136352539
3.8734588623046875
3.8746337890625
2.2458648681640625
2.1095809936523438
3.0364646911621094
2.2757835388183594
1.9591903686523438
2.211925506591797
2.0496063232421875
3.322101593017578
3.776885986328125
6.727329254150391
5.5260772705078125
3.8232574462890625
6.290470123291016
4.0343780517578125
3.4611778259277344
3.0223388671875
2.545490264892578
2.9043045043945312
2.8765869140625
2.779132843017578
2.9306488037109375
2.5249099731445312
2.378681182861328
2.0576438903808594
2.2034378051757812
2.1335182189941406
2.9952430725097656
3.0797080993652344
2.4641571044921875
1.2981643676757812
2.050384521484375
1.8306922912597656
2.2101287841796875
2.055370330810547
4.179187774658203
3.7510452270507812
9.086963653564453
3.788166046142578
2.811492919921875
11.273277282714844
4.0000762939453125
3.570018768310547
3.6499710083007812
3.1975555419921875
1.6774177551269531
1.3174667358398438
