3.236560821533203
2.7290611267089844
2.0339431762695312
3.1723594665527344
3.360248565673828
3.827686309814453
3.5955581665039062
3.9129562377929688
3.5708580017089844
2.9864540100097656
2.4738388061523438
2.4190406799316406
3.4233055114746094
3.6356544494628906
2.6529541015625
3.3465423583984375
3.10125732421875
2.467041015625
4.2633209228515625
3.1713943481445312
2.547149658203125
2.5651321411132812
3.753742218017578
3.8304443359375
2.6220855712890625
2.8555641174316406
30.506912231445312
2.6959152221679688
3.443134307861328
3.747333526611328
3.0562210083007812
3.100311279296875
2.4835662841796875
3.949604034423828
3.9303627014160156
6.918022155761719
7.52947998046875
7.40228271484375
2.486591339111328
3.1118927001953125
3.9543609619140625
4.270381927490234
3.8944091796875
4.078514099121094
3.9552078247070312
3.474224090576172
2.8387413024902344
4.892494201660156
4.540004730224609
4.405261993408203
7.45928955078125
3917.2447357177734
28288.84913635254
63886.64288330078
44240.90300369263
31189.851406097412
17817.624263763428
15243.423610687256
3557.9071197509766
994.0705451965332
1485.169204711914
1373.0028648376465
1321.5404319763184
1423.6765670776367
868.378776550293
414.8983917236328
21178.156810760498
63712.43759536743
49202.93943023682
67282.11978530884
43163.021072387695
6405.965782165527
424.959041595459
47.426204681396484
171.81335067749023
322.24908447265625
570.020679473877
465.0880928039551
526.5969734191895
11935.264259338379
50063.45487213135
56860.8540687561
32799.30403518677
29604.807418823242
9616.822940826416
6387.158355712891
3263.7440872192383
1537.9393348693848
343.938720703125
247.37328338623047
115.60416793823242
54.63483428955078
541.0119552612305
887.5665054321289
469.78553009033203
882.098705291748
1304.973289489746
668.274299621582
1047.4393043518066
406.30043029785156
170.36879348754883
6370.739921569824
7568.850353240967
5901.059417724609
8975.131706237793
9157.587432861328
6759.550022125244
6610.966766357422
4000.1851387023926
3086.9455490112305
2851.8875465393066
2027.6401290893555
1635.2591743469238
644.80029296875
35.06462097167969
1772.6093940734863
916.2093391418457
30369.07883453369
67862.16157531738
79228.62961578369
45887.53002548218
19597.320903778076
14901.418006896973
1158.6358222961426
1328.428352355957
1037.1050872802734
2429.8515548706055
9.120285034179688
7.475078582763672
11.822185516357422
8.857040405273438
3.0354042053222656
3.032421112060547
1.9837608337402344
2.641124725341797
2.1716766357421875
2.11370849609375
1.5211944580078125
2.9393081665039062
3.473255157470703
6.040618896484375
6.919380187988281
7.217216491699219
6.816577911376953
5.434913635253906
4.872352600097656
2.89276123046875
3.4572105407714844
2.5672035217285156
2.3197021484375
2.8080062866210938
2.4215469360351562
2.5009841918945312
2.121673583984375
2.7385635375976562
2.1976318359375
2.482421875
2.2275466918945312
148.86556243896484
3983.797004699707
28833.30150604248
26270.968223571777
15336.169143676758
3173.0624046325684
2260.527473449707
1236.6413269042969
1114.4968948364258
939.8296394348145
702.7142333984375
541.471923828125
229.79880905151367
465.3054389953613
1961.7151069641113
2155.9543991088867
3138.2803230285645
2525.466781616211
1713.956199645996
569.120662689209
2284.024658203125
10428.267044067383
11832.694915771484
7232.184055328369
4592.545459747314
3243.0765342712402
2324.7973709106445
1901.7736587524414
1058.7381324768066
457.7764472961426
326.97835540771484
580.7451934814453
1008.1588859558105
1313.1086044311523
883.6449203491211
1180.6852188110352
407.99953842163086
2410.3888626098633
7449.752582550049
5557.401290893555
1754.5469131469727
12.038047790527344
7.456920623779297
415.0046043395996
204.17422103881836
784.708194732666
1354.9073524475098
1426.4479522705078
21486.531703948975
13313.07548904419
21068.60443496704
2484.008930206299
167.25908279418945
35.29842758178711
1160.2387466430664
12909.560363769531
7182.576229095459
6305.3403968811035
2807.409080505371
2545.186252593994
627.3903846740723
657.306209564209
662.1481132507324
1530.0144882202148
3219.4543952941895
5671.620452880859
4263.291397094727
332.5860786437988
12.477153778076172
5.070369720458984
685.5555191040039
164.63423538208008
3997.245376586914
3226.602996826172
836.9434432983398
341.1244888305664
123.4690055847168
67.09857940673828
75.57009887695312
8.242107391357422
2.8122596740722656
2.554492950439453
2.2359848022460938
79.57746124267578
1864.90718460083
3983.015422821045
1188.6626625061035
817.3287544250488
493.05573654174805
126.41522598266602
530.184211730957
2622.308422088623
2114.359016418457
1557.3830223083496
1750.8372611999512
713.3870887756348
369.2327308654785
136.79970932006836
203.22058868408203
1084.6940727233887
1710.278491973877
1440.3292770385742
1103.0624542236328
656.2616920471191
7680.626968383789
9658.36994934082
1531.5309410095215
637.350757598877
211.26273727416992
60.989036560058594
34.6373176574707
3.563243865966797
2.7586936950683594
2.9583511352539062
2.3231201171875
2.1018638610839844
2.482025146484375
2.2367477416992188
2.3488235473632812
2.551624298095703
1.8979949951171875
1.8135566711425781
1.8861846923828125
1.6324462890625
2.0828933715820312
2.062152862548828
1.9358558654785156
1.7316970825195312
3.143890380859375
2.372203826904297
2.303730010986328
2.610851287841797
2.16986083984375
1.9596748352050781
2.5681190490722656
1.6085395812988281
2.8491744995117188
1.9025955200195312
2.755748748779297
1.5570564270019531
1.640777587890625
2.2587203979492188
1.9156265258789062
1.9546279907226562
2.625152587890625
2.684947967529297
2.5666580200195312
2.7728652954101562
1.7396011352539062
2.1742935180664062
2.317413330078125
1.6434822082519531
1.7635726928710938
2.2730979919433594
1.9809036254882812
2.2865753173828125
2.0348472595214844
1.8038864135742188
2.5822181701660156
2.070934295654297
2.378063201904297
2.617237091064453
2.5473365783691406
1.9632415771484375
2.172809600830078
2.0482215881347656
2.3941802978515625
2.7588729858398438
2.6093673706054688
2.154571533203125
