0.1568627450980392
0.16470588235294117
0.22745098039215686
0.2
0.18823529411764706
0.13725490196078433
0.16862745098039217
0.1450980392156863
0.1411764705882353
0.1843137254901961
0.21568627450980393
0.18823529411764706
0.16862745098039217
0.1803921568627451
0.2196078431372549
0.1843137254901961
0.18823529411764706
0.16862745098039217
0.1607843137254902
0.1568627450980392
0.13333333333333333
0.1568627450980392
0.1607843137254902
0.13333333333333333
0.16470588235294117
0.16470588235294117
0.33725490196078434
0.21176470588235294
0.21568627450980393
0.1411764705882353
0.16862745098039217
0.13725490196078433
0.1411764705882353
0.1803921568627451
0.13725490196078433
0.24313725490196078
0.2196078431372549
0.23137254901960785
0.16862745098039217
0.1607843137254902
0.17254901960784313
0.13725490196078433
0.17254901960784313
0.11764705882352941
0.12156862745098039
0.1450980392156863
0.1411764705882353
0.17254901960784313
0.16862745098039217
0.12941176470588237
0.13725490196078433
0.5019607843137255
0.47843137254901963
0.5568627450980392
0.47058823529411764
0.5058823529411764
0.4823529411764706
0.49411764705882355
0.5450980392156862
0.5176470588235295
0.5372549019607843
0.5098039215686274
0.47058823529411764
0.5215686274509804
0.4745098039215686
0.5215686274509804
0.4588235294117647
0.5607843137254902
0.4745098039215686
0.4627450980392157
0.5450980392156862
0.5098039215686274
0.3568627450980392
0.3607843137254902
0.30980392156862746
0.3686274509803922
0.4823529411764706
0.5019607843137255
0.5568627450980392
0.5411764705882353
0.5137254901960784
0.4588235294117647
0.48627450980392156
0.4745098039215686
0.49019607843137253
0.4666666666666667
0.5137254901960784
0.5215686274509804
0.5176470588235295
0.4392156862745098
0.42745098039215684
0.47843137254901963
0.47058823529411764
0.5372549019607843
0.4980392156862745
0.5137254901960784
0.47843137254901963
0.5058823529411764
0.5294117647058824
0.5137254901960784
0.48627450980392156
0.5058823529411764
0.5019607843137255
0.5411764705882353
0.5372549019607843
0.49411764705882355
0.45098039215686275
0.5372549019607843
0.5215686274509804
0.5372549019607843
0.5098039215686274
0.5254901960784314
0.49019607843137253
0.5058823529411764
0.18823529411764706
0.4235294117647059
0.5176470588235295
0.5215686274509804
0.4823529411764706
0.4823529411764706
0.4666666666666667
0.5098039215686274
0.47843137254901963
0.4470588235294118
0.43529411764705883
0.4980392156862745
0.47843137254901963
0.2235294117647059
0.1411764705882353
0.17254901960784313
0.21176470588235294
0.12549019607843137
0.17647058823529413
0.1568627450980392
0.1450980392156863
0.1843137254901961
0.15294117647058825
0.21176470588235294
0.15294117647058825
0.1803921568627451
0.13725490196078433
0.2
0.17254901960784313
0.1450980392156863
0.16470588235294117
0.15294117647058825
0.18823529411764706
0.1450980392156863
0.19607843137254902
0.21176470588235294
0.1450980392156863
0.12156862745098039
0.17647058823529413
0.1843137254901961
0.18823529411764706
0.15294117647058825
0.16862745098039217
0.14901960784313725
0.3686274509803922
0.43529411764705883
0.49019607843137253
0.5098039215686274
0.47843137254901963
0.4666666666666667
0.4627450980392157
0.5058823529411764
0.47843137254901963
0.5019607843137255
0.4745098039215686
0.43529411764705883
0.4627450980392157
0.5176470588235295
0.48627450980392156
0.45098039215686275
0.5058823529411764
0.5098039215686274
0.5058823529411764
0.47058823529411764
0.48627450980392156
0.49411764705882355
0.4588235294117647
0.4980392156862745
0.4666666666666667
0.5568627450980392
0.4980392156862745
0.5254901960784314
0.4627450980392157
0.47843137254901963
0.4745098039215686
0.5098039215686274
0.5058823529411764
0.5215686274509804
0.5098039215686274
0.5215686274509804
0.5137254901960784
0.5058823529411764
0.4823529411764706
0.47843137254901963
0.5450980392156862
0.24705882352941178
0.14901960784313725
0.36470588235294116
0.4196078431372549
0.5254901960784314
0.5215686274509804
0.4588235294117647
0.5098039215686274
0.5019607843137255
0.4980392156862745
0.47058823529411764
0.47058823529411764
0.26666666666666666
0.43137254901960786
0.49019607843137253
0.48627450980392156
0.5137254901960784
0.4745098039215686
0.5098039215686274
0.48627450980392156
0.47843137254901963
0.49019607843137253
0.5098039215686274
0.5137254901960784
0.5215686274509804
0.4588235294117647
0.396078431372549
0.12941176470588237
0.15294117647058825
0.44313725490196076
0.4666666666666667
0.4980392156862745
0.5450980392156862
0.4588235294117647
0.43529411764705883
0.403921568627451
0.33725490196078434
0.38823529411764707
0.16862745098039217
0.17647058823529413
0.1607843137254902
0.1568627450980392
0.3137254901960784
0.4549019607843137
0.5450980392156862
0.45098039215686275
0.49019607843137253
0.48627450980392156
0.4745098039215686
0.45098039215686275
0.5058823529411764
0.5607843137254902
0.49019607843137253
0.5490196078431373
0.5215686274509804
0.44313725490196076
0.43529411764705883
0.44313725490196076
0.48627450980392156
0.4980392156862745
0.5294117647058824
0.4666666666666667
0.4588235294117647
0.4549019607843137
0.5254901960784314
0.45098039215686275
0.42745098039215684
0.48627450980392156
0.4235294117647059
0.28627450980392155
0.2
0.1607843137254902
0.1843137254901961
0.19607843137254902
0.16862745098039217
0.1568627450980392
0.1568627450980392
0.19215686274509805
0.1607843137254902
0.15294117647058825
0.1843137254901961
0.16470588235294117
0.19215686274509805
0.20392156862745098
0.15294117647058825
0.16470588235294117
0.20784313725490197
0.1607843137254902
0.17254901960784313
0.1803921568627451
0.17254901960784313
0.1568627450980392
0.1568627450980392
0.14901960784313725
0.1607843137254902
0.14901960784313725
0.1843137254901961
0.14901960784313725
0.1843137254901961
0.19607843137254902
0.16470588235294117
0.1803921568627451
0.17254901960784313
0.16470588235294117
0.2
0.14901960784313725
0.1843137254901961
0.10980392156862745
0.20784313725490197
0.1568627450980392
0.1803921568627451
0.21176470588235294
0.13333333333333333
0.17254901960784313
0.15294117647058825
0.16862745098039217
0.19607843137254902
0.1411764705882353
0.13333333333333333
0.15294117647058825
0.16862745098039217
0.17254901960784313
0.1843137254901961
0.1843137254901961
0.2
0.17647058823529413
0.1568627450980392
0.18823529411764706
0.13333333333333333
