9.948219299316406
11.587505340576172
5.783016204833984
9.424755096435547
7.863609313964844
12.445594787597656
5.908924102783203
11.964435577392578
9.57094955444336
49.85371017456055
8.936595916748047
10.022945404052734
7.924774169921875
20.301876068115234
41.5091438293457
19.23326873779297
27.03701400756836
29.681217193603516
65.68912124633789
61.88209533691406
134.01912307739258
118.48494720458984
79.17547225952148
44.10905456542969
13.164173126220703
10.075908660888672
11.660118103027344
9.898578643798828
856.5178108215332
9453.678230285645
23092.982807159424
34836.5104675293
30559.19961166382
40039.89805984497
39579.948303222656
32198.2891998291
37802.85031890869
30503.005611419678
39522.099060058594
28092.940998077393
20301.54083251953
31745.972297668457
36111.55940628052
30199.3009223938
39649.114807128906
36785.468086242676
30347.32323074341
28269.918174743652
13661.551387786865
12579.772792816162
10271.841690063477
3540.394203186035
490.8296432495117
180.18858337402344
89.34028625488281
91.15009307861328
91.11058044433594
23674.894931793213
48265.52108001709
40891.186878204346
19234.38957977295
11465.711116790771
12375.87981414795
13843.381645202637
8459.278373718262
6038.267921447754
2765.2622108459473
458.3390655517578
534.2933464050293
10791.126651763916
11024.386085510254
5847.650360107422
1370.2484321594238
181.06087493896484
77.19503021240234
79.09032821655273
95.13455581665039
25415.438480377197
32603.046684265137
54225.23030471802
62936.49069595337
52315.624462127686
43437.05879974365
36413.21265411377
12710.453895568848
2821.168197631836
1419.711025238037
266.05257415771484
114.19577026367188
106.49270629882812
98.30807495117188
84.50414657592773
78.6988754272461
3382.072498321533
6270.496547698975
5842.303974151611
2556.5251502990723
1106.450527191162
1171.893611907959
300.4428176879883
483.4835510253906
390.769832611084
188.31513214111328
379.77943420410156
547.9197082519531
833.9790496826172
121.61983108520508
113.13648223876953
41.06697082519531
35.015602111816406
126.1417121887207
803.6042633056641
11253.325370788574
16340.276412963867
11572.842567443848
6060.335105895996
8275.893238067627
8524.935497283936
9789.788219451904
11122.816886901855
10939.550861358643
8087.709320068359
3918.0281257629395
772.8333396911621
323.48575592041016
221.8309097290039
200.10739517211914
6848.173046112061
8006.923751831055
7744.910289764404
4975.52477645874
3836.009937286377
1687.219295501709
1113.6998443603516
866.1028671264648
355.5655288696289
351.607723236084
2145.5383491516113
4180.666481018066
2739.659469604492
1916.3109436035156
2141.6015548706055
1488.1125373840332
459.38233947753906
35.8277702331543
79.41325378417969
43.627132415771484
313.9154624938965
292.711727142334
1265.3667640686035
8169.763484954834
26523.304439544678
21978.32458114624
12883.828456878662
7996.089221954346
7493.740428924561
4944.049057006836
5452.324977874756
4152.2783126831055
1511.8022193908691
676.4571151733398
206.23721313476562
30.69406509399414
19.419898986816406
16.781177520751953
13.938129425048828
12.96478271484375
15.9014892578125
13.870918273925781
10.144969940185547
11.24051284790039
10.439403533935547
8.86166000366211
7.82696533203125
10.038166046142578
8.451377868652344
10.28812026977539
8.579608917236328
8.353347778320312
9.141063690185547
9.713176727294922
10.573200225830078
7.142292022705078
10.682685852050781
7.773082733154297
11.616783142089844
9.601234436035156
5.285816192626953
