0.1843137254901961
0.22745098039215686
0.18823529411764706
0.23529411764705882
0.24313725490196078
0.23529411764705882
0.21568627450980393
0.23921568627450981
0.2196078431372549
0.23921568627450981
0.2235294117647059
0.23921568627450981
0.22745098039215686
0.25882352941176473
0.32941176470588235
0.26666666666666666
0.35294117647058826
0.3764705882352941
0.43137254901960786
0.49019607843137253
0.5333333333333333
0.5058823529411764
0.4823529411764706
0.40784313725490196
0.2549019607843137
0.20784313725490197
0.2235294117647059
0.19215686274509805
0.39215686274509803
0.4745098039215686
0.5019607843137255
0.5058823529411764
0.5607843137254902
0.49019607843137253
0.5803921568627451
0.5450980392156862
0.47058823529411764
0.5254901960784314
0.5294117647058824
0.5098039215686274
0.4666666666666667
0.48627450980392156
0.5843137254901961
0.49411764705882355
0.42745098039215684
0.5019607843137255
0.5098039215686274
0.4470588235294118
0.4980392156862745
0.49411764705882355
0.5058823529411764
0.45098039215686275
0.4823529411764706
0.5019607843137255
0.4549019607843137
0.47843137254901963
0.4588235294117647
0.5019607843137255
0.5058823529411764
0.5294117647058824
0.49019607843137253
0.5058823529411764
0.5058823529411764
0.48627450980392156
0.5568627450980392
0.49411764705882355
0.4980392156862745
0.47843137254901963
0.4823529411764706
0.5254901960784314
0.5058823529411764
0.4666666666666667
0.5254901960784314
0.4627450980392157
0.42745098039215684
0.4627450980392157
0.4588235294117647
0.44313725490196076
0.4980392156862745
0.5254901960784314
0.48627450980392156
0.48627450980392156
0.5333333333333333
0.5882352941176471
0.5137254901960784
0.5137254901960784
0.5137254901960784
0.5372549019607843
0.4196078431372549
0.4666666666666667
0.4196078431372549
0.45098039215686275
0.4549019607843137
0.5019607843137255
0.48627450980392156
0.4823529411764706
0.4627450980392157
0.5529411764705883
0.5254901960784314
0.4549019607843137
0.4980392156862745
0.5333333333333333
0.45098039215686275
0.4980392156862745
0.48627450980392156
0.5490196078431373
0.5019607843137255
0.43137254901960786
0.3686274509803922
0.3764705882352941
0.42745098039215684
0.47058823529411764
0.49019607843137253
0.5176470588235295
0.5450980392156862
0.4470588235294118
0.47058823529411764
0.44313725490196076
0.49411764705882355
0.5254901960784314
0.5254901960784314
0.5058823529411764
0.5254901960784314
0.4980392156862745
0.5254901960784314
0.47843137254901963
0.5450980392156862
0.5294117647058824
0.47058823529411764
0.4745098039215686
0.5254901960784314
0.47843137254901963
0.5098039215686274
0.4666666666666667
0.4980392156862745
0.4588235294117647
0.4745098039215686
0.4823529411764706
0.49019607843137253
0.5450980392156862
0.4745098039215686
0.5176470588235295
0.4549019607843137
0.43529411764705883
0.3215686274509804
0.4588235294117647
0.38823529411764707
0.5137254901960784
0.5098039215686274
0.5215686274509804
0.5058823529411764
0.5176470588235295
0.5215686274509804
0.49019607843137253
0.49019607843137253
0.5215686274509804
0.4823529411764706
0.49411764705882355
0.5137254901960784
0.4627450980392157
0.49411764705882355
0.5137254901960784
0.2823529411764706
0.3058823529411765
0.27058823529411763
0.23529411764705882
0.2235294117647059
0.2901960784313726
0.2627450980392157
0.21568627450980393
0.24313725490196078
0.23137254901960785
0.2235294117647059
0.25098039215686274
0.18823529411764706
0.23137254901960785
0.2
0.1843137254901961
0.2235294117647059
0.2
0.21176470588235294
0.19607843137254902
0.2196078431372549
0.23921568627450981
0.23529411764705882
0.27058823529411763
0.19215686274509805
0.09411764705882353
